x = [ 1.00000000e-02 2.00000000e-02 3.00000000e-02 4.00000000e-02 5.00000000e-02 6.00000000e-02 7.00000000e-02 8.00000000e-02 9.00000000e-02 1.00000000e-01 1.10000000e-01 1.20000000e-01 1.30000000e-01 1.40000000e-01 1.50000000e-01 1.60000000e-01 1.70000000e-01 1.80000000e-01 1.90000000e-01 2.00000000e-01 2.10000000e-01 2.20000000e-01 2.30000000e-01 2.40000000e-01 2.50000000e-01 2.60000000e-01 2.70000000e-01 2.80000000e-01 2.90000000e-01 3.00000000e-01 3.10000000e-01 3.20000000e-01 3.30000000e-01 3.40000000e-01 3.50000000e-01 3.60000000e-01 3.70000000e-01 3.80000000e-01 3.90000000e-01 4.00000000e-01 4.10000000e-01 4.20000000e-01 4.30000000e-01 4.40000000e-01 4.50000000e-01 4.60000000e-01 4.70000000e-01 4.80000000e-01 4.90000000e-01 5.00000000e-01 5.10000000e-01 5.20000000e-01 5.30000000e-01 5.40000000e-01 5.50000000e-01 5.60000000e-01 5.70000000e-01 5.80000000e-01 5.90000000e-01 6.00000000e-01 6.10000000e-01 6.20000000e-01 6.30000000e-01 6.40000000e-01 6.50000000e-01 6.60000000e-01 6.70000000e-01 6.80000000e-01 6.90000000e-01 7.00000000e-01 7.10000000e-01 7.20000000e-01 7.30000000e-01 7.40000000e-01 7.50000000e-01 7.60000000e-01 7.70000000e-01 7.80000000e-01 7.90000000e-01 8.00000000e-01 8.10000000e-01 8.20000000e-01 8.30000000e-01 8.40000000e-01 8.50000000e-01 8.60000000e-01 8.70000000e-01 8.80000000e-01 8.90000000e-01 9.00000000e-01 9.10000000e-01 9.20000000e-01 9.30000000e-01 9.40000000e-01 9.50000000e-01 9.60000000e-01 9.70000000e-01 9.80000000e-01 9.90000000e-01 1.00000000e+00 1.01000000e+00 1.02000000e+00 1.03000000e+00 1.04000000e+00 1.05000000e+00 1.06000000e+00 1.07000000e+00 1.08000000e+00 1.09000000e+00 1.10000000e+00 1.11000000e+00 1.12000000e+00 1.13000000e+00 1.14000000e+00 1.15000000e+00 1.16000000e+00 1.17000000e+00 1.18000000e+00 1.19000000e+00 1.20000000e+00];
I1 = [ 3.18036153e-15 5.34953472e-15 6.82901376e-15 7.83822252e-15 8.52678465e-15 8.99672092e-15 9.31759423e-15 9.53683893e-15 9.68680215e-15 9.78954347e-15 9.86010724e-15 9.90875374e-15 9.94248083e-15 9.96606155e-15 9.98275176e-15 9.99477274e-15 1.00036403e-14 1.00103891e-14 1.00157259e-14 1.00201338e-14 1.00239433e-14 1.00273812e-14 1.00306034e-14 1.00337175e-14 1.00367981e-14 1.00398979e-14 1.00430539e-14 1.00462930e-14 1.00496353e-14 1.00530960e-14 1.00566870e-14 1.00604184e-14 1.00642988e-14 1.00683359e-14 1.00725369e-14 1.00769087e-14 1.00814580e-14 1.00861916e-14 1.00911162e-14 1.00962387e-14 1.01015660e-14 1.01071054e-14 1.01128642e-14 1.01188500e-14 1.01250706e-14 1.01315340e-14 1.01382484e-14 1.01452224e-14 1.01524648e-14 1.01599847e-14 1.01677913e-14 1.01758944e-14 1.01843037e-14 1.01930297e-14 1.02020827e-14 1.02114737e-14 1.02212139e-14 1.02313147e-14 1.02417882e-14 1.02526465e-14 1.02639023e-14 1.02755686e-14 1.02876587e-14 1.03001866e-14 1.03131663e-14 1.03266126e-14 1.03405406e-14 1.03549657e-14 1.03699040e-14 1.03853719e-14 1.04013865e-14 1.04179651e-14 1.04351258e-14 1.04528870e-14 1.04712678e-14 1.04902879e-14 1.05099674e-14 1.05303271e-14 1.05513884e-14 1.05731732e-14 1.05957043e-14 1.06190050e-14 1.06430991e-14 1.06680115e-14 1.06937674e-14 1.07203929e-14 1.07479150e-14 1.07763612e-14 1.08057599e-14 1.08361404e-14 1.08675327e-14 1.08999678e-14 1.11251222e-14 1.17012949e-14 1.25511493e-14 1.37979298e-14 1.56373303e-14 1.84716347e-14 2.34499805e-14 3.44035256e-14 6.38747929e-14 1.49612899e-13 3.94794154e-13 1.05669309e-12 2.72568353e-12 6.65973943e-12 1.53684799e-11 3.35735783e-11 6.97063288e-11 1.38134944e-10 2.62340155e-10 4.79274597e-10 8.45146743e-10 1.44286225e-09 2.39133415e-09 3.85683931e-09 6.06655312e-09 9.32434123e-09 1.40288274e-08 2.06936953e-08];
I2 = [ 3.18015343e-15 5.34953528e-15 6.82938488e-15 7.83913725e-15 8.52841253e-15 8.99921488e-15 9.32108636e-15 9.54144338e-15 9.69262047e-15 9.79666934e-15 9.86862985e-15 9.91876022e-15 9.95405777e-15 9.97929611e-15 9.99773243e-15 1.00115899e-14 1.00223865e-14 1.00311596e-14 1.00386189e-14 1.00452504e-14 1.00513882e-14 1.00572625e-14 1.00630327e-14 1.00688105e-14 1.00746745e-14 1.00806814e-14 1.00868727e-14 1.00932798e-14 1.00999274e-14 1.01068355e-14 1.01140212e-14 1.01214996e-14 1.01292846e-14 1.01373896e-14 1.01458274e-14 1.01546108e-14 1.01637527e-14 1.01732660e-14 1.01831640e-14 1.01934603e-14 1.02041688e-14 1.02153039e-14 1.02268801e-14 1.02389128e-14 1.02514175e-14 1.02644103e-14 1.02779079e-14 1.02919274e-14 1.03064864e-14 1.03216032e-14 1.03372965e-14 1.03535857e-14 1.03704907e-14 1.03880321e-14 1.04062311e-14 1.04251095e-14 1.04446898e-14 1.04649953e-14 1.04860498e-14 1.05078780e-14 1.05305053e-14 1.05539577e-14 1.05782624e-14 1.06034469e-14 1.06295399e-14 1.06565709e-14 1.06845702e-14 1.07135689e-14 1.07435993e-14 1.07746945e-14 1.08068886e-14 1.08402167e-14 1.08747149e-14 1.09104205e-14 1.09473718e-14 1.09856082e-14 1.10251703e-14 1.10660999e-14 1.11084400e-14 1.11522348e-14 1.11975299e-14 1.12443721e-14 1.12928096e-14 1.13428921e-14 1.13946705e-14 1.14481973e-14 1.15035266e-14 1.15607138e-14 1.16198161e-14 1.16808923e-14 1.17440027e-14 1.18092096e-14 1.22615208e-14 1.34196220e-14 1.51278223e-14 1.76338083e-14 2.13306368e-14 2.70251344e-14 3.70184278e-14 5.89757909e-14 1.17983405e-13 2.89533348e-13 7.79951715e-13 2.10371288e-12 5.44138793e-12 1.33085502e-11 3.07237041e-11 6.71288498e-11 1.39384233e-10 2.76222390e-10 5.24598590e-10 9.58408591e-10 1.69005519e-09 2.88532924e-09 4.78202809e-09 7.71266587e-09 1.21315402e-08 1.86463122e-08 2.80541384e-08 4.13822699e-08];
I3 = [ 3.17994536e-15 5.34953593e-15 6.82975615e-15 7.84005220e-15 8.53004070e-15 9.00170923e-15 9.32457895e-15 9.54604840e-15 9.69843948e-15 9.80379601e-15 9.87715341e-15 9.92876778e-15 9.96563596e-15 9.99253209e-15 1.00127147e-14 1.00284088e-14 1.00411347e-14 1.00519324e-14 1.00615143e-14 1.00703698e-14 1.00788362e-14 1.00871471e-14 1.00954657e-14 1.01039075e-14 1.01125552e-14 1.01214696e-14 1.01306967e-14 1.01402722e-14 1.01502256e-14 1.01605816e-14 1.01713624e-14 1.01825883e-14 1.01942786e-14 1.02064521e-14 1.02191273e-14 1.02323231e-14 1.02460582e-14 1.02603520e-14 1.02752243e-14 1.02906953e-14 1.03067859e-14 1.03235175e-14 1.03409122e-14 1.03589927e-14 1.03777827e-14 1.03973062e-14 1.04175882e-14 1.04386545e-14 1.04605315e-14 1.04832467e-14 1.05068283e-14 1.05313052e-14 1.05567076e-14 1.05830663e-14 1.06104131e-14 1.06387809e-14 1.06682035e-14 1.06987158e-14 1.07303537e-14 1.07631543e-14 1.07971556e-14 1.08323970e-14 1.08689190e-14 1.09067633e-14 1.09459729e-14 1.09865919e-14 1.10286661e-14 1.10722422e-14 1.11173687e-14 1.11640954e-14 1.12124735e-14 1.12625557e-14 1.13143965e-14 1.13680517e-14 1.14235789e-14 1.14810375e-14 1.15404883e-14 1.16019943e-14 1.16656201e-14 1.17314321e-14 1.17994988e-14 1.18698906e-14 1.19426800e-14 1.20179416e-14 1.20957520e-14 1.21761901e-14 1.22593372e-14 1.23452767e-14 1.24340945e-14 1.25258789e-14 1.26207207e-14 1.27187135e-14 1.33982200e-14 1.51383394e-14 1.77050198e-14 2.14704078e-14 2.70249245e-14 3.55798135e-14 5.05874742e-14 8.35443947e-14 1.72070652e-13 4.29372639e-13 1.16485113e-12 3.15000133e-12 8.15519876e-12 1.99528139e-11 4.60686994e-11 1.00662394e-10 2.09018288e-10 4.14225302e-10 7.86700644e-10 1.43726389e-09 2.53448349e-09 4.32699417e-09 7.17141942e-09 1.15664308e-08 1.81933409e-08 2.79634645e-08 4.20723074e-08 6.20604545e-08];
