x = [ 1.00000000e-02 2.00000000e-02 3.00000000e-02 4.00000000e-02 5.00000000e-02 6.00000000e-02 7.00000000e-02 8.00000000e-02 9.00000000e-02 1.00000000e-01 1.10000000e-01 1.20000000e-01 1.30000000e-01 1.40000000e-01 1.50000000e-01 1.60000000e-01 1.70000000e-01 1.80000000e-01 1.90000000e-01 2.00000000e-01 2.10000000e-01 2.20000000e-01 2.30000000e-01 2.40000000e-01 2.50000000e-01 2.60000000e-01 2.70000000e-01 2.80000000e-01 2.90000000e-01 3.00000000e-01 3.10000000e-01 3.20000000e-01 3.30000000e-01 3.40000000e-01 3.50000000e-01 3.60000000e-01 3.70000000e-01 3.80000000e-01 3.90000000e-01 4.00000000e-01 4.10000000e-01 4.20000000e-01 4.30000000e-01 4.40000000e-01 4.50000000e-01 4.60000000e-01 4.70000000e-01 4.80000000e-01 4.90000000e-01 5.00000000e-01 5.10000000e-01 5.20000000e-01 5.30000000e-01 5.40000000e-01 5.50000000e-01 5.60000000e-01 5.70000000e-01 5.80000000e-01 5.90000000e-01 6.00000000e-01 6.10000000e-01 6.20000000e-01 6.30000000e-01 6.40000000e-01 6.50000000e-01 6.60000000e-01 6.70000000e-01 6.80000000e-01 6.90000000e-01 7.00000000e-01 7.10000000e-01 7.20000000e-01 7.30000000e-01 7.40000000e-01 7.50000000e-01 7.60000000e-01 7.70000000e-01 7.80000000e-01 7.90000000e-01 8.00000000e-01 8.10000000e-01 8.20000000e-01 8.30000000e-01 8.40000000e-01 8.50000000e-01 8.60000000e-01 8.70000000e-01 8.80000000e-01 8.90000000e-01 9.00000000e-01 9.10000000e-01 9.20000000e-01 9.30000000e-01 9.40000000e-01 9.50000000e-01 9.60000000e-01 9.70000000e-01 9.80000000e-01 9.90000000e-01 1.00000000e+00 1.01000000e+00 1.02000000e+00 1.03000000e+00 1.04000000e+00 1.05000000e+00 1.06000000e+00 1.07000000e+00 1.08000000e+00 1.09000000e+00 1.10000000e+00 1.11000000e+00 1.12000000e+00 1.13000000e+00 1.14000000e+00 1.15000000e+00 1.16000000e+00 1.17000000e+00 1.18000000e+00 1.19000000e+00 1.20000000e+00];
I1 = [  2.16915767e-11 4.68058777e-11 7.55184954e-11 1.08011430e-10 1.44473315e-10 1.85099650e-10 2.30093026e-10 2.79663361e-10 3.34028136e-10 3.93412642e-10 4.58050222e-10 5.28182530e-10 6.04059792e-10 6.85941069e-10 7.74094541e-10 8.68797779e-10 9.70338045e-10 1.07901258e-09 1.19512893e-09 1.31900522e-09 1.45097054e-09 1.59136522e-09 1.74054119e-09 1.89886237e-09 2.06670495e-09 2.24445786e-09 2.43252306e-09 2.63131599e-09 2.84126597e-09 3.06281659e-09 3.29642614e-09 3.54256808e-09 3.80173144e-09 4.07442133e-09 4.36115939e-09 4.66248426e-09 4.97895214e-09 5.31113725e-09 5.65963239e-09 6.02504947e-09 6.40802007e-09 6.80919602e-09 7.22925001e-09 7.66887616e-09 8.12879065e-09 8.60973238e-09 9.11246364e-09 9.63777074e-09 1.01864647e-08 1.07593821e-08 1.13573855e-08 1.19813647e-08 1.26322369e-08 1.33109479e-08 1.40184730e-08 1.47558174e-08 1.55240174e-08 1.63241412e-08 1.71572899e-08 1.80245981e-08 1.89272354e-08 1.98664068e-08 2.08433540e-08 2.18593566e-08 2.29157329e-08 2.40138408e-08 2.51550796e-08 2.63408905e-08 2.75727581e-08 2.88522113e-08 3.01808250e-08 3.15602212e-08 3.29920700e-08 3.44780915e-08 3.60200565e-08 3.76197888e-08 3.92791656e-08 4.10001200e-08 4.27846419e-08 4.46347796e-08 4.65526419e-08 4.85403993e-08 5.06002856e-08 5.27346001e-08 5.49457092e-08 5.72360480e-08 5.96081227e-08 6.20645118e-08 6.46078689e-08 6.72409242e-08 6.99664866e-08 7.27874462e-08 7.57067762e-08 7.87275353e-08 8.18528699e-08 8.50860165e-08 8.84303043e-08 9.18891575e-08 9.54660981e-08 9.91647483e-08 1.02988833e-07 1.06942184e-07 1.11028740e-07 1.15252552e-07 1.19617786e-07 1.24128726e-07 1.28789774e-07 1.33605460e-07 1.38580439e-07 1.43719496e-07 1.49027552e-07 1.54509665e-07 1.60171033e-07 1.66017002e-07 1.72053065e-07 1.78284869e-07 1.84718217e-07 1.91359075e-07 1.98213573e-07 2.05288011e-07];
I2 = [  4.36022572e-11 9.40845349e-11 1.51799792e-10 2.17113865e-10 2.90405929e-10 3.72068956e-10 4.62510173e-10 5.62151538e-10 6.71430211e-10 7.90799045e-10 9.20727084e-10 1.06170008e-09 1.21422100e-09 1.37881060e-09 1.55600794e-09 1.74637096e-09 1.95047709e-09 2.16892382e-09 2.40232932e-09 2.65133310e-09 2.91659662e-09 3.19880398e-09 3.49866263e-09 3.81690404e-09 4.15428442e-09 4.51158553e-09 4.88961537e-09 5.28920902e-09 5.71122943e-09 6.15656827e-09 6.62614675e-09 7.12091655e-09 7.64186070e-09 8.18999449e-09 8.76636645e-09 9.37205936e-09 1.00081912e-08 1.06759162e-08 1.13764259e-08 1.21109503e-08 1.28807591e-08 1.36871623e-08 1.45315122e-08 1.54152040e-08 1.63396774e-08 1.73064175e-08 1.83169566e-08 1.93728753e-08 2.04758039e-08 2.16274237e-08 2.28294690e-08 2.40837278e-08 2.53920441e-08 2.67563192e-08 2.81785130e-08 2.96606465e-08 3.12048026e-08 3.28131285e-08 3.44878374e-08 3.62312101e-08 3.80455973e-08 3.99334214e-08 4.18971784e-08 4.39394401e-08 4.60628564e-08 4.82701571e-08 5.05641546e-08 5.29477459e-08 5.54239150e-08 5.79957353e-08 6.06663726e-08 6.34390868e-08 6.63172353e-08 6.93042753e-08 7.24037665e-08 7.56193745e-08 7.89548730e-08 8.24141473e-08 8.60011973e-08 8.97201405e-08 9.35752153e-08 9.75707844e-08 1.01711338e-07 1.06001499e-07 1.10446022e-07 1.15049802e-07 1.19817878e-07 1.24755432e-07 1.29867797e-07 1.35160462e-07 1.40639073e-07 1.46309438e-07 1.52177535e-07 1.58249510e-07 1.64531689e-07 1.71030576e-07 1.77752864e-07 1.84705436e-07 1.91895370e-07 1.99329947e-07 2.07016654e-07 2.14963193e-07 2.23177481e-07 2.31667661e-07 2.40442106e-07 2.49509426e-07 2.58878472e-07 2.68558345e-07 2.78558403e-07 2.88888265e-07 2.99557820e-07 3.10577236e-07 3.21956961e-07 3.33707739e-07 3.45840612e-07 3.58366929e-07 3.71298354e-07 3.84646878e-07 3.98424822e-07 4.12644848e-07];
I3 = [  6.55129315e-11 1.41363178e-10 2.28081063e-10 3.26216261e-10 4.36338488e-10 5.59038186e-10 6.94927220e-10 8.44639585e-10 1.00883212e-09 1.18818524e-09 1.38340369e-09 1.59521731e-09 1.82438183e-09 2.07167967e-09 2.33792078e-09 2.62394348e-09 2.93061535e-09 3.25883413e-09 3.60952863e-09 3.98365971e-09 4.38222122e-09 4.80624104e-09 5.25678211e-09 5.73494344e-09 6.24186130e-09 6.77871024e-09 7.34670431e-09 7.94709821e-09 8.58118853e-09 9.25031501e-09 9.95586178e-09 1.06992587e-08 1.14819829e-08 1.23055597e-08 1.31715646e-08 1.40816245e-08 1.50374191e-08 1.60406826e-08 1.70932055e-08 1.81968357e-08 1.93534809e-08 2.05651095e-08 2.18337533e-08 2.31615085e-08 2.45505382e-08 2.60030739e-08 2.75214179e-08 2.91079450e-08 3.07651045e-08 3.24954230e-08 3.43015057e-08 3.61860396e-08 3.81517951e-08 4.02016286e-08 4.23384854e-08 4.45654014e-08 4.68855066e-08 4.93020269e-08 5.18182877e-08 5.44377159e-08 5.71638434e-08 6.00003096e-08 6.29508649e-08 6.60193733e-08 6.92098163e-08 7.25262953e-08 7.59730359e-08 7.95543906e-08 8.32748430e-08 8.71390109e-08 9.11516504e-08 9.53176597e-08 9.96420831e-08 1.04130115e-07 1.08787104e-07 1.13618556e-07 1.18630143e-07 1.23827702e-07 1.29217241e-07 1.34804948e-07 1.40597191e-07 1.46600524e-07 1.52821694e-07 1.59267645e-07 1.65945522e-07 1.72862681e-07 1.80026689e-07 1.87445334e-07 1.95126629e-07 2.03078819e-07 2.11310387e-07 2.19830061e-07 2.28646820e-07 2.37769900e-07 2.47208804e-07 2.56973304e-07 2.67073456e-07 2.77519599e-07 2.88322369e-07 2.99492705e-07 3.11041856e-07 3.22981391e-07 3.35323206e-07 3.48079535e-07 3.61262956e-07 3.74886406e-07 3.88963181e-07 4.03506957e-07 4.18531789e-07 4.34052130e-07 4.50082838e-07 4.66639185e-07 4.83736872e-07 5.01392038e-07 5.19621270e-07 5.38441619e-07 5.57870610e-07 5.77926254e-07 5.98627062e-07 6.19992058e-07];
