x = [ 1.00000000e-02 2.00000000e-02 3.00000000e-02 4.00000000e-02 5.00000000e-02 6.00000000e-02 7.00000000e-02 8.00000000e-02 9.00000000e-02 1.00000000e-01 1.10000000e-01 1.20000000e-01 1.30000000e-01 1.40000000e-01 1.50000000e-01 1.60000000e-01 1.70000000e-01 1.80000000e-01 1.90000000e-01 2.00000000e-01 2.10000000e-01 2.20000000e-01 2.30000000e-01 2.40000000e-01 2.50000000e-01 2.60000000e-01 2.70000000e-01 2.80000000e-01 2.90000000e-01 3.00000000e-01 3.10000000e-01 3.20000000e-01 3.30000000e-01 3.40000000e-01 3.50000000e-01 3.60000000e-01 3.70000000e-01 3.80000000e-01 3.90000000e-01 4.00000000e-01 4.10000000e-01 4.20000000e-01 4.30000000e-01 4.40000000e-01 4.50000000e-01 4.60000000e-01 4.70000000e-01 4.80000000e-01 4.90000000e-01 5.00000000e-01 5.10000000e-01 5.20000000e-01 5.30000000e-01 5.40000000e-01 5.50000000e-01 5.60000000e-01 5.70000000e-01 5.80000000e-01 5.90000000e-01 6.00000000e-01 6.10000000e-01 6.20000000e-01 6.30000000e-01 6.40000000e-01 6.50000000e-01 6.60000000e-01 6.70000000e-01 6.80000000e-01 6.90000000e-01 7.00000000e-01 7.10000000e-01 7.20000000e-01 7.30000000e-01 7.40000000e-01 7.50000000e-01 7.60000000e-01 7.70000000e-01 7.80000000e-01 7.90000000e-01 8.00000000e-01 8.10000000e-01 8.20000000e-01 8.30000000e-01 8.40000000e-01 8.50000000e-01 8.60000000e-01 8.70000000e-01 8.80000000e-01 8.90000000e-01 9.00000000e-01 9.10000000e-01 9.20000000e-01 9.30000000e-01 9.40000000e-01 9.50000000e-01 9.60000000e-01 9.70000000e-01 9.80000000e-01 9.90000000e-01 1.00000000e+00 1.01000000e+00 1.02000000e+00 1.03000000e+00 1.04000000e+00 1.05000000e+00 1.06000000e+00 1.07000000e+00 1.08000000e+00 1.09000000e+00 1.10000000e+00 1.11000000e+00 1.12000000e+00 1.13000000e+00 1.14000000e+00 1.15000000e+00 1.16000000e+00 1.17000000e+00 1.18000000e+00 1.19000000e+00 1.20000000e+00];
I1 = [ 3.18227626e-16 6.48125249e-16 9.89659264e-16 1.34308202e-15 1.70866626e-15 2.08671216e-15 2.47755681e-15 2.88158693e-15 3.29925585e-15 3.73110587e-15 4.17779764e-15 4.64014813e-15 5.11917956e-15 5.61618139e-15 6.13278842e-15 6.67107778e-15 7.23368812e-15 7.82396463e-15 8.44613330e-15 9.10550883e-15 9.80874043e-15 1.05641011e-14 1.13818270e-14 1.22745160e-14 1.32575964e-14 1.43498823e-14 1.55742337e-14 1.69583485e-14 1.85357168e-14 2.03467749e-14 2.24403050e-14 2.48751329e-14 2.77221860e-14 3.10669814e-14 3.50126287e-14 3.96834436e-14 4.52292847e-14 5.18307489e-14 5.97053826e-14 6.91150975e-14 8.03750162e-14 9.38640158e-14 1.10037291e-13 1.29441318e-13 1.52731686e-13 1.80694325e-13 2.14270805e-13 2.54588468e-13 3.02996315e-13 3.61107770e-13 4.30851597e-13 5.14532567e-13 6.14903686e-13 7.35252216e-13 8.79502083e-13 1.05233580e-12 1.25933956e-12 1.50717596e-12 1.80378943e-12 2.15865076e-12 2.58304785e-12 3.09043156e-12 3.69682700e-12 4.42132247e-12 5.28665076e-12 6.31988001e-12 7.55323475e-12 9.02507144e-12 1.07810373e-11 1.28754469e-11 1.53729166e-11 1.83503054e-11 2.18990188e-11 2.61277424e-11 3.11656863e-11 3.71664325e-11 4.43124983e-11 5.28207454e-11 6.29487909e-11 7.50026016e-11 8.93454881e-11 1.06408750e-10 1.26704273e-10 1.50839417e-10 1.79534625e-10 2.13644199e-10 2.54180836e-10 3.02344545e-10 3.59556719e-10 4.27500215e-10 5.08166476e-10 6.03910827e-10 7.17517272e-10 8.52274309e-10 1.01206344e-09 1.20146226e-09 1.42586432e-09 1.69161789e-09 2.00618633e-09 2.37833256e-09 2.81833040e-09 3.33820565e-09 3.95200936e-09 4.67612591e-09 5.52961763e-09 6.53460727e-09 7.71669845e-09 9.10543277e-09 1.07347805e-08 1.26436594e-08 1.48764745e-08 1.74836663e-08 2.05222553e-08 2.40563647e-08 2.81577022e-08 3.29059787e-08 3.83892434e-08 4.47041133e-08 5.19558792e-08 6.02584777e-08];
I2 = [ 6.39669635e-16 1.30279714e-15 1.98931498e-15 2.69973039e-15 3.43459162e-15 4.19450205e-15 4.98013927e-15 5.79228062e-15 6.63183733e-15 7.49989950e-15 8.39779508e-15 9.32716629e-15 1.02900679e-14 1.12890918e-14 1.23275241e-14 1.34095401e-14 1.45404437e-14 1.57269590e-14 1.69775808e-14 1.83029921e-14 1.97165585e-14 2.12349095e-14 2.28786210e-14 2.46730156e-14 2.66491063e-14 2.88447106e-14 3.13057798e-14 3.40879895e-14 3.72586578e-14 4.08990657e-14 4.51072699e-14 5.00015165e-14 5.57243757e-14 6.24477452e-14 7.03788851e-14 7.97676809e-14 9.09153625e-14 1.04184946e-13 1.20013719e-13 1.38928147e-13 1.61561654e-13 1.88675817e-13 2.21185615e-13 2.60189513e-13 3.07005296e-13 3.63212751e-13 4.30704509e-13 5.11746612e-13 6.09050661e-13 7.25859754e-13 8.66050856e-13 1.03425672e-12 1.23601107e-12 1.47792153e-12 1.76787547e-12 2.11528500e-12 2.53137875e-12 3.02954889e-12 3.62576420e-12 4.33906147e-12 5.19212994e-12 6.21200651e-12 7.43090234e-12 8.88718574e-12 1.06265505e-11 1.27034045e-11 1.51825201e-11 1.81409948e-11 2.16705808e-11 2.58804512e-11 3.09004862e-11 3.68851733e-11 4.40182379e-11 5.25181387e-11 6.26445876e-11 7.47062834e-11 8.90700837e-11 1.06171877e-10 1.26529466e-10 1.50757837e-10 1.79587231e-10 2.13884543e-10 2.54678636e-10 3.03190274e-10 3.60867498e-10 4.29427401e-10 5.10905424e-10 6.07713486e-10 7.22708449e-10 8.59272693e-10 1.02140880e-09 1.21385069e-09 1.44219385e-09 1.71304772e-09 2.03421353e-09 2.41489155e-09 2.86592188e-09 3.40006341e-09 4.03231608e-09 4.78029154e-09 5.66463801e-09 6.70952457e-09 7.94319046e-09 9.39856410e-09 1.11139557e-08 1.31338256e-08 1.55096296e-08 1.83007370e-08 2.15754167e-08 2.54118802e-08 2.98993653e-08 3.51392381e-08 4.12460871e-08 4.83487729e-08 5.65913961e-08 6.61341388e-08 7.71539370e-08 8.98449409e-08 1.04418728e-07 1.21104247e-07];
I3 = [ 9.61111565e-16 1.95746889e-15 2.98897049e-15 4.05637850e-15 5.16051668e-15 6.30229161e-15 7.48272137e-15 8.70297394e-15 9.96441843e-15 1.12686928e-14 1.26177922e-14 1.40141842e-14 1.54609559e-14 1.69620020e-14 1.85222597e-14 2.01480024e-14 2.18471992e-14 2.36299532e-14 2.55090279e-14 2.75004747e-14 2.96243756e-14 3.19057166e-14 3.43754130e-14 3.70715128e-14 4.00406127e-14 4.33395345e-14 4.70373200e-14 5.12176225e-14 5.59815881e-14 6.14513420e-14 6.77742154e-14 7.51278733e-14 8.37265286e-14 9.38284581e-14 1.05745070e-13 1.19851819e-13 1.36601303e-13 1.56538952e-13 1.80321791e-13 2.08740833e-13 2.42747796e-13 2.83486944e-13 3.32333026e-13 3.90936478e-13 4.61277259e-13 5.45728978e-13 6.47135290e-13 7.68900888e-13 9.15099904e-13 1.09060503e-12 1.30124132e-12 1.55396937e-12 1.85710347e-12 2.22057138e-12 2.65622360e-12 3.17820154e-12 3.80337576e-12 4.55186749e-12 5.44766912e-12 6.51938253e-12 7.80109718e-12 9.33343454e-12 1.11647901e-11 1.33528098e-11 1.59661456e-11 1.90865416e-11 2.28113135e-11 2.72562943e-11 3.25593339e-11 3.88844554e-11 4.64267916e-11 5.54184447e-11 6.61354432e-11 7.89059971e-11 9.41202933e-11 1.12242114e-10 1.33822616e-10 1.59516662e-10 1.90102178e-10 2.26503088e-10 2.69816464e-10 3.21344672e-10 3.82633401e-10 4.55516628e-10 5.42169758e-10 6.45172380e-10 7.67582320e-10 9.13022956e-10 1.08578607e-09 1.29095289e-09 1.53453627e-09 1.82364770e-09 2.16669288e-09 2.57360060e-09 3.05608989e-09 3.62798130e-09 4.30555855e-09 5.10798760e-09 6.05780055e-09 7.18145247e-09 8.50995941e-09 1.00796258e-08 1.19328694e-08 1.41191510e-08 1.66960144e-08 1.97302408e-08 2.32991174e-08 2.74918165e-08 3.24108766e-08 3.81737679e-08 4.49145192e-08 5.27853736e-08 6.19584301e-08 7.26272197e-08 8.50081577e-08 9.93418070e-08 1.15893886e-07 1.34955960e-07 1.56845758e-07 1.81907083e-07];
