x = [ 1.00000000e-02 2.00000000e-02 3.00000000e-02 4.00000000e-02 5.00000000e-02 6.00000000e-02 7.00000000e-02 8.00000000e-02 9.00000000e-02 1.00000000e-01 1.10000000e-01 1.20000000e-01 1.30000000e-01 1.40000000e-01 1.50000000e-01 1.60000000e-01 1.70000000e-01 1.80000000e-01 1.90000000e-01 2.00000000e-01 2.10000000e-01 2.20000000e-01 2.30000000e-01 2.40000000e-01 2.50000000e-01 2.60000000e-01 2.70000000e-01 2.80000000e-01 2.90000000e-01 3.00000000e-01 3.10000000e-01 3.20000000e-01 3.30000000e-01 3.40000000e-01 3.50000000e-01 3.60000000e-01 3.70000000e-01 3.80000000e-01 3.90000000e-01 4.00000000e-01 4.10000000e-01 4.20000000e-01 4.30000000e-01 4.40000000e-01 4.50000000e-01 4.60000000e-01 4.70000000e-01 4.80000000e-01 4.90000000e-01 5.00000000e-01 5.10000000e-01 5.20000000e-01 5.30000000e-01 5.40000000e-01 5.50000000e-01 5.60000000e-01 5.70000000e-01 5.80000000e-01 5.90000000e-01 6.00000000e-01 6.10000000e-01 6.20000000e-01 6.30000000e-01 6.40000000e-01 6.50000000e-01 6.60000000e-01 6.70000000e-01 6.80000000e-01 6.90000000e-01 7.00000000e-01 7.10000000e-01 7.20000000e-01 7.30000000e-01 7.40000000e-01 7.50000000e-01 7.60000000e-01 7.70000000e-01 7.80000000e-01 7.90000000e-01 8.00000000e-01 8.10000000e-01 8.20000000e-01 8.30000000e-01 8.40000000e-01 8.50000000e-01 8.60000000e-01 8.70000000e-01 8.80000000e-01 8.90000000e-01 9.00000000e-01 9.10000000e-01 9.20000000e-01 9.30000000e-01 9.40000000e-01 9.50000000e-01 9.60000000e-01 9.70000000e-01 9.80000000e-01 9.90000000e-01 1.00000000e+00 1.01000000e+00 1.02000000e+00 1.03000000e+00 1.04000000e+00 1.05000000e+00 1.06000000e+00 1.07000000e+00 1.08000000e+00 1.09000000e+00 1.10000000e+00 1.11000000e+00 1.12000000e+00 1.13000000e+00 1.14000000e+00 1.15000000e+00 1.16000000e+00 1.17000000e+00 1.18000000e+00 1.19000000e+00 1.20000000e+00];
I1 = [ 3.68769227e-11 6.75742587e-11 9.24076328e-11 1.11681886e-10 1.25691730e-10 1.34722586e-10 1.39051715e-10 1.38949935e-10 1.34684423e-10 1.26523875e-10 1.14749061e-10 9.96773809e-11 8.17298416e-11 6.16577102e-11 4.15661151e-11 3.02289652e-11 4.40046055e-11 7.52548579e-11 1.15218952e-10 1.62048194e-10 2.15545727e-10 2.75982452e-10 3.43871050e-10 4.19944170e-10 5.05204718e-10 6.01023453e-10 7.09281321e-10 8.32555726e-10 9.74337541e-10 1.13923937e-09 1.33311257e-09 1.56294967e-09 1.83644965e-09 2.16122474e-09 2.54383020e-09 2.98897856e-09 3.49927429e-09 4.07553705e-09 4.71748923e-09 5.42448196e-09 6.19603902e-09 7.03215881e-09 7.93341980e-09 8.90096609e-09 9.93643696e-09 1.10418815e-08 1.22196787e-08 1.34724721e-08 1.48031190e-08 1.62146543e-08 1.77102649e-08 1.92932741e-08 2.09671309e-08 2.27354054e-08 2.46017874e-08 2.65700864e-08 2.86442349e-08 3.08282912e-08 3.31264440e-08 3.55430171e-08 3.80824744e-08 4.07494254e-08 4.35486305e-08 4.64850066e-08 4.95636329e-08 5.27897569e-08 5.61687999e-08 5.97063639e-08 6.34082375e-08 6.72804028e-08 7.13290426e-08 7.55605477e-08 7.99815245e-08 8.45988042e-08 8.94194510e-08 9.44507726e-08 9.97003306e-08 1.05175952e-07 1.10885743e-07 1.16838100e-07 1.23041732e-07 1.29505670e-07 1.36239293e-07 1.43252348e-07 1.50554973e-07 1.58157730e-07 1.66071635e-07 1.74308195e-07 1.82879450e-07 1.91798023e-07 2.01077177e-07 2.10730876e-07 2.20773863e-07 2.31221743e-07 2.42091081e-07 2.53399520e-07 2.65165903e-07 2.77410431e-07 2.90154829e-07 3.03422543e-07 3.17238966e-07 3.31631685e-07 3.46630773e-07 3.62269104e-07 3.78582715e-07 3.95611200e-07 4.13398143e-07 4.31991590e-07 4.51444555e-07 4.71815552e-07 4.93169150e-07 5.15576537e-07 5.39116082e-07 5.63873872e-07 5.89944208e-07 6.17430048e-07 6.46443354e-07 6.77105341e-07 7.09546600e-07 7.43907094e-07];
I2 = [ 7.41263360e-11 1.35831079e-10 1.85748671e-10 2.24491866e-10 2.52653067e-10 2.70805999e-10 2.79507992e-10 2.79303409e-10 2.70729297e-10 2.54325769e-10 2.30657203e-10 2.00361606e-10 1.64285247e-10 1.23938229e-10 8.35521027e-11 6.07632659e-11 8.84536992e-11 1.51269865e-10 2.31601717e-10 3.25733204e-10 4.33268647e-10 5.54752549e-10 6.91215481e-10 8.44130099e-10 1.01551238e-09 1.20811765e-09 1.42572685e-09 1.67352074e-09 1.95851639e-09 2.28998553e-09 2.67969001e-09 3.14168544e-09 3.69144749e-09 4.34427757e-09 5.11335223e-09 6.00814422e-09 7.03388861e-09 8.19223310e-09 9.48261956e-09 1.09037437e-08 1.24546482e-08 1.41353297e-08 1.59469512e-08 1.78918121e-08 1.99732075e-08 2.21952563e-08 2.45627405e-08 2.70809735e-08 2.97556988e-08 3.25930166e-08 3.55993332e-08 3.87813281e-08 4.21459341e-08 4.57003277e-08 4.94519250e-08 5.34083838e-08 5.75776082e-08 6.19677557e-08 6.65872458e-08 7.14447695e-08 7.65492994e-08 8.19101007e-08 8.75367419e-08 9.34391062e-08 9.96274029e-08 1.06112179e-07 1.12904333e-07 1.20015123e-07 1.27456185e-07 1.35239543e-07 1.43377625e-07 1.51883275e-07 1.60769773e-07 1.70050849e-07 1.79740703e-07 1.89854022e-07 2.00406005e-07 2.11412383e-07 2.22889450e-07 2.34854085e-07 2.47323787e-07 2.60316713e-07 2.73851710e-07 2.87948370e-07 3.02627071e-07 3.17909042e-07 3.33816421e-07 3.50372337e-07 3.67600990e-07 3.85527751e-07 4.04179275e-07 4.23583629e-07 4.43770443e-07 4.64771081e-07 4.86618838e-07 5.09349167e-07 5.32999945e-07 5.57611768e-07 5.83228300e-07 6.09896661e-07 6.37667883e-07 6.66597411e-07 6.96745680e-07 7.28178760e-07 7.60969072e-07 7.95196185e-07 8.30947689e-07 8.68320138e-07 9.07420067e-07 9.48365065e-07 9.91284888e-07 1.03632259e-06 1.08363565e-06 1.13339707e-06 1.18579633e-06 1.24104033e-06 1.29935403e-06 1.36098100e-06 1.42618365e-06 1.49524319e-06];
I3 = [ 1.11375741e-10 2.04087888e-10 2.79089694e-10 3.37301833e-10 3.79614395e-10 4.06889408e-10 4.19964267e-10 4.19656881e-10 4.06774177e-10 3.82127672e-10 3.46565359e-10 3.01045844e-10 2.46840662e-10 1.86218763e-10 1.25538089e-10 9.12975685e-11 1.32902788e-10 2.27284851e-10 3.47984449e-10 4.89418167e-10 6.50991481e-10 8.33522536e-10 1.03855974e-09 1.26831580e-09 1.52581973e-09 1.81521144e-09 2.14217183e-09 2.51448504e-09 2.94269427e-09 3.44073038e-09 4.02626563e-09 4.72041866e-09 5.54644179e-09 6.52732544e-09 7.68286744e-09 9.02730059e-09 1.05684906e-08 1.23089130e-08 1.42477292e-08 1.63829793e-08 1.87132249e-08 2.12384609e-08 2.39604343e-08 2.68826000e-08 3.00099089e-08 3.33485491e-08 3.69057056e-08 4.06893616e-08 4.47081466e-08 4.89712257e-08 5.34882241e-08 5.82691776e-08 6.33245026e-08 6.86649811e-08 7.43017557e-08 8.02463317e-08 8.65105847e-08 9.31067707e-08 1.00047540e-07 1.07345949e-07 1.15015479e-07 1.23070051e-07 1.31524041e-07 1.40392296e-07 1.49690156e-07 1.59433467e-07 1.69638602e-07 1.80322476e-07 1.91502570e-07 2.03196950e-07 2.15424286e-07 2.28203876e-07 2.41555670e-07 2.55500297e-07 2.70059089e-07 2.85254112e-07 3.01108200e-07 3.17644988e-07 3.34888951e-07 3.52865449e-07 3.71600772e-07 3.91122195e-07 4.11458034e-07 4.32637721e-07 4.54691870e-07 4.77652370e-07 5.01552482e-07 5.26426949e-07 5.52312125e-07 5.79246125e-07 6.07268988e-07 6.36422880e-07 6.66752308e-07 6.98304386e-07 7.31129130e-07 7.65279795e-07 8.00813278e-07 8.37790557e-07 8.76277221e-07 9.16344050e-07 9.58067694e-07 1.00153143e-06 1.04682605e-06 1.09405077e-06 1.14331438e-06 1.19473638e-06 1.24844833e-06 1.30459524e-06 1.36333712e-06 1.42485057e-06 1.48933045e-06 1.55699162e-06 1.62807057e-06 1.70282708e-06 1.78154573e-06 1.86453719e-06 1.95213929e-06 2.04471775e-06 2.14266661e-06 2.24640810e-06];
