x = [ 1.00000000e-02 2.00000000e-02 3.00000000e-02 4.00000000e-02 5.00000000e-02 6.00000000e-02 7.00000000e-02 8.00000000e-02 9.00000000e-02 1.00000000e-01 1.10000000e-01 1.20000000e-01 1.30000000e-01 1.40000000e-01 1.50000000e-01 1.60000000e-01 1.70000000e-01 1.80000000e-01 1.90000000e-01 2.00000000e-01 2.10000000e-01 2.20000000e-01 2.30000000e-01 2.40000000e-01 2.50000000e-01 2.60000000e-01 2.70000000e-01 2.80000000e-01 2.90000000e-01 3.00000000e-01 3.10000000e-01 3.20000000e-01 3.30000000e-01 3.40000000e-01 3.50000000e-01 3.60000000e-01 3.70000000e-01 3.80000000e-01 3.90000000e-01 4.00000000e-01 4.10000000e-01 4.20000000e-01 4.30000000e-01 4.40000000e-01 4.50000000e-01 4.60000000e-01 4.70000000e-01 4.80000000e-01 4.90000000e-01 5.00000000e-01 5.10000000e-01 5.20000000e-01 5.30000000e-01 5.40000000e-01 5.50000000e-01 5.60000000e-01 5.70000000e-01 5.80000000e-01 5.90000000e-01 6.00000000e-01 6.10000000e-01 6.20000000e-01 6.30000000e-01 6.40000000e-01 6.50000000e-01 6.60000000e-01 6.70000000e-01 6.80000000e-01 6.90000000e-01 7.00000000e-01 7.10000000e-01 7.20000000e-01 7.30000000e-01 7.40000000e-01 7.50000000e-01 7.60000000e-01 7.70000000e-01 7.80000000e-01 7.90000000e-01 8.00000000e-01 8.10000000e-01 8.20000000e-01 8.30000000e-01 8.40000000e-01 8.50000000e-01 8.60000000e-01 8.70000000e-01 8.80000000e-01 8.90000000e-01 9.00000000e-01 9.10000000e-01 9.20000000e-01 9.30000000e-01 9.40000000e-01 9.50000000e-01 9.60000000e-01 9.70000000e-01 9.80000000e-01 9.90000000e-01 1.00000000e+00 1.01000000e+00 1.02000000e+00 1.03000000e+00 1.04000000e+00 1.05000000e+00 1.06000000e+00 1.07000000e+00 1.08000000e+00 1.09000000e+00 1.10000000e+00 1.11000000e+00 1.12000000e+00 1.13000000e+00 1.14000000e+00 1.15000000e+00 1.16000000e+00 1.17000000e+00 1.18000000e+00 1.19000000e+00 1.20000000e+00];
I1 = [  1.84383023e-11 3.37868052e-11 4.62033219e-11 5.58402713e-11 6.28450101e-11 6.73602485e-11 6.95246188e-11 6.94735272e-11 6.73405617e-11 6.32600707e-11 5.73724406e-11 4.98363695e-11 4.08623625e-11 3.08260475e-11 2.07799931e-11 1.51111451e-11 2.19986864e-11 3.76235190e-11 5.76052534e-11 8.10195430e-11 1.07767959e-10 1.37985945e-10 1.71929837e-10 2.09965949e-10 2.52595732e-10 3.00504550e-10 3.54632876e-10 4.16269381e-10 4.87159501e-10 5.69609507e-10 6.66545064e-10 7.81462396e-10 9.18210955e-10 1.08059684e-09 1.27189759e-09 1.49446944e-09 1.74961453e-09 2.03774261e-09 2.35871476e-09 2.71220642e-09 3.09797932e-09 3.51603247e-09 3.96665488e-09 4.45041832e-09 4.96814212e-09 5.52085039e-09 6.10973223e-09 6.73610877e-09 7.40140802e-09 8.10714658e-09 8.85491704e-09 9.64637978e-09 1.04832580e-08 1.13673351e-08 1.23004539e-08 1.32845171e-08 1.43214878e-08 1.54133920e-08 1.65623201e-08 1.77704292e-08 1.90399457e-08 2.03731675e-08 2.17724668e-08 2.32402926e-08 2.47791731e-08 2.63917185e-08 2.80806233e-08 2.98486694e-08 3.16987282e-08 3.36337637e-08 3.56568349e-08 3.77710987e-08 3.99798128e-08 4.22863382e-08 4.46941427e-08 4.72068031e-08 4.98280091e-08 5.25615657e-08 5.54113969e-08 5.83815489e-08 6.14761933e-08 6.46996308e-08 6.80562946e-08 7.15507542e-08 7.51877192e-08 7.89720431e-08 8.29087273e-08 8.70029252e-08 9.12599465e-08 9.56852614e-08 1.00284505e-07 1.05063483e-07 1.10028173e-07 1.15184734e-07 1.20539509e-07 1.26099029e-07 1.31870019e-07 1.37859406e-07 1.44074321e-07 1.50522105e-07 1.57210318e-07 1.64146740e-07 1.71339382e-07 1.78796489e-07 1.86526549e-07 1.94538296e-07 2.02840722e-07 2.11443079e-07 2.20354887e-07 2.29585946e-07 2.39146338e-07 2.49046436e-07 2.59296914e-07 2.69908753e-07 2.80893253e-07 2.92262035e-07 3.04027055e-07 3.16200614e-07 3.28795360e-07 3.41824308e-07];
I2 = [  3.70628481e-11 6.79148882e-11 9.28733406e-11 1.12244583e-10 1.26324816e-10 1.35400902e-10 1.39751506e-10 1.39648808e-10 1.35361332e-10 1.27159134e-10 1.15324403e-10 1.00176139e-10 8.21374787e-11 6.19634712e-11 4.17698864e-11 3.03749280e-11 4.42195801e-11 7.56270691e-11 1.15792370e-10 1.62857452e-10 2.16624464e-10 2.77365658e-10 3.45596300e-10 4.22052712e-10 5.07742862e-10 6.04044401e-10 7.12847769e-10 8.36743325e-10 9.79239564e-10 1.14497232e-09 1.33982245e-09 1.57081772e-09 1.84569588e-09 2.17210756e-09 2.55664093e-09 3.00403223e-09 3.51689885e-09 4.09606446e-09 4.74124977e-09 5.45180237e-09 6.22724331e-09 7.06757053e-09 7.97336498e-09 8.94577594e-09 9.98645027e-09 1.10974465e-08 1.22811549e-08 1.35402309e-08 1.48775449e-08 1.62961454e-08 1.77992336e-08 1.93901469e-08 2.10723491e-08 2.28494249e-08 2.47250786e-08 2.67031342e-08 2.87875384e-08 3.09823631e-08 3.32918100e-08 3.57202152e-08 3.82720536e-08 4.09519443e-08 4.37646555e-08 4.67151095e-08 4.98083882e-08 5.30497379e-08 5.64445751e-08 5.99984909e-08 6.37172572e-08 6.76068314e-08 7.16733621e-08 7.59231949e-08 8.03628775e-08 8.49991657e-08 8.98390292e-08 9.48896578e-08 1.00158467e-07 1.05653106e-07 1.11381460e-07 1.17351664e-07 1.23572100e-07 1.30051414e-07 1.36798516e-07 1.43822590e-07 1.51133102e-07 1.58739807e-07 1.66652758e-07 1.74882312e-07 1.83439141e-07 1.92334239e-07 2.01578933e-07 2.11184889e-07 2.21164125e-07 2.31529017e-07 2.42292312e-07 2.53467138e-07 2.65067012e-07 2.77105852e-07 2.89597992e-07 3.02558185e-07 3.16001623e-07 3.29943943e-07 3.44401245e-07 3.59390098e-07 3.74927558e-07 3.91031180e-07 4.07719030e-07 4.25009700e-07 4.42922325e-07 4.61476593e-07 4.80692761e-07 5.00591677e-07 5.21194784e-07 5.42524148e-07 5.64602468e-07 5.87453093e-07 6.11100045e-07 6.35568029e-07 6.60882460e-07 6.87069474e-07];
I3 = [  5.56873899e-11 1.02042965e-10 1.39543353e-10 1.68648888e-10 1.89804617e-10 2.03441553e-10 2.09978392e-10 2.09824089e-10 2.03382106e-10 1.91058201e-10 1.73276371e-10 1.50515914e-10 1.23412600e-10 9.31008992e-11 6.27597822e-11 4.56387109e-11 6.64404701e-11 1.13630610e-10 1.73979470e-10 2.44695335e-10 3.25480929e-10 4.16745314e-10 5.19262682e-10 6.34139365e-10 7.62889844e-10 9.07584052e-10 1.07106240e-09 1.25721691e-09 1.47131914e-09 1.72033447e-09 2.01309893e-09 2.36017177e-09 2.77317903e-09 3.26361581e-09 3.84138085e-09 4.51359037e-09 5.28417698e-09 6.15437823e-09 7.12377443e-09 8.19138528e-09 9.35649108e-09 1.06190887e-08 1.19800510e-08 1.34411046e-08 1.50047238e-08 1.66740017e-08 1.84525292e-08 2.03442964e-08 2.23536157e-08 2.44850675e-08 2.67434614e-08 2.91338118e-08 3.16613228e-08 3.43313803e-08 3.71495497e-08 4.01215768e-08 4.32533907e-08 4.65511094e-08 5.00210460e-08 5.36697147e-08 5.75038391e-08 6.15303589e-08 6.57564380e-08 7.01894717e-08 7.48370951e-08 7.97071904e-08 8.48078952e-08 9.01476097e-08 9.57350054e-08 1.01579033e-07 1.07688929e-07 1.14074229e-07 1.20744767e-07 1.27710696e-07 1.34982484e-07 1.42570935e-07 1.50487189e-07 1.58742736e-07 1.67349424e-07 1.76319473e-07 1.85665478e-07 1.95400425e-07 2.05537701e-07 2.16091102e-07 2.27074850e-07 2.38503599e-07 2.50392450e-07 2.62756963e-07 2.75613170e-07 2.88977586e-07 3.02867226e-07 3.17299616e-07 3.32292807e-07 3.47865393e-07 3.64036520e-07 3.80825907e-07 3.98253860e-07 4.16341285e-07 4.35109710e-07 4.54581299e-07 4.74778867e-07 4.95725904e-07 5.17446589e-07 5.39965810e-07 5.63309181e-07 5.87503069e-07 6.12574605e-07 6.38551711e-07 6.65463120e-07 6.93338399e-07 7.22207967e-07 7.52103124e-07 7.83056070e-07 8.15099932e-07 8.48268789e-07 8.82597692e-07 9.18122700e-07 9.54880897e-07 9.92910424e-07 1.03225051e-06];
