x = [ 1.00000000e-02 2.00000000e-02 3.00000000e-02 4.00000000e-02 5.00000000e-02 6.00000000e-02 7.00000000e-02 8.00000000e-02 9.00000000e-02 1.00000000e-01 1.10000000e-01 1.20000000e-01 1.30000000e-01 1.40000000e-01 1.50000000e-01 1.60000000e-01 1.70000000e-01 1.80000000e-01 1.90000000e-01 2.00000000e-01 2.10000000e-01 2.20000000e-01 2.30000000e-01 2.40000000e-01 2.50000000e-01 2.60000000e-01 2.70000000e-01 2.80000000e-01 2.90000000e-01 3.00000000e-01 3.10000000e-01 3.20000000e-01 3.30000000e-01 3.40000000e-01 3.50000000e-01 3.60000000e-01 3.70000000e-01 3.80000000e-01 3.90000000e-01 4.00000000e-01 4.10000000e-01 4.20000000e-01 4.30000000e-01 4.40000000e-01 4.50000000e-01 4.60000000e-01 4.70000000e-01 4.80000000e-01 4.90000000e-01 5.00000000e-01 5.10000000e-01 5.20000000e-01 5.30000000e-01 5.40000000e-01 5.50000000e-01 5.60000000e-01 5.70000000e-01 5.80000000e-01 5.90000000e-01 6.00000000e-01 6.10000000e-01 6.20000000e-01 6.30000000e-01 6.40000000e-01 6.50000000e-01 6.60000000e-01 6.70000000e-01 6.80000000e-01 6.90000000e-01 7.00000000e-01 7.10000000e-01 7.20000000e-01 7.30000000e-01 7.40000000e-01 7.50000000e-01 7.60000000e-01 7.70000000e-01 7.80000000e-01 7.90000000e-01 8.00000000e-01 8.10000000e-01 8.20000000e-01 8.30000000e-01 8.40000000e-01 8.50000000e-01 8.60000000e-01 8.70000000e-01 8.80000000e-01 8.90000000e-01 9.00000000e-01 9.10000000e-01 9.20000000e-01 9.30000000e-01 9.40000000e-01 9.50000000e-01 9.60000000e-01 9.70000000e-01 9.80000000e-01 9.90000000e-01 1.00000000e+00 1.01000000e+00 1.02000000e+00 1.03000000e+00 1.04000000e+00 1.05000000e+00 1.06000000e+00 1.07000000e+00 1.08000000e+00 1.09000000e+00 1.10000000e+00 1.11000000e+00 1.12000000e+00 1.13000000e+00 1.14000000e+00 1.15000000e+00 1.16000000e+00 1.17000000e+00 1.18000000e+00 1.19000000e+00 1.20000000e+00];
I1 = [ 4.65660137e-09 8.28420044e-09 1.09990712e-08 1.29775831e-08 1.44269359e-08 1.55355293e-08 1.64412180e-08 1.72313960e-08 1.79578589e-08 1.86509510e-08 1.93288289e-08 2.00027737e-08 2.06801186e-08 2.13658666e-08 2.20636030e-08 2.27760243e-08 2.35052560e-08 2.42530475e-08 2.50208967e-08 2.58101312e-08 2.66219626e-08 2.74575241e-08 2.83178964e-08 2.92041265e-08 3.01172417e-08 3.10582599e-08 3.20281970e-08 3.30280737e-08 3.40589196e-08 3.51217776e-08 3.62177071e-08 3.73477863e-08 3.85131150e-08 3.97148164e-08 4.09540390e-08 4.22319583e-08 4.35497780e-08 4.49087318e-08 4.63100847e-08 4.77551342e-08 4.92452113e-08 5.07816824e-08 5.23659499e-08 5.39994536e-08 5.56836719e-08 5.74201232e-08 5.92103666e-08 6.10560039e-08 6.29586798e-08 6.49200842e-08 6.69419528e-08 6.90260684e-08 7.11742626e-08 7.33884168e-08 7.56704637e-08 7.80223886e-08 8.04462309e-08 8.29440855e-08 8.55181043e-08 8.81704975e-08 9.09035357e-08 9.37195507e-08 9.66209379e-08 9.96101573e-08 1.02689736e-07 1.05862268e-07 1.09130419e-07 1.12496926e-07 1.15964600e-07 1.19536326e-07 1.23215069e-07 1.27003872e-07 1.30905860e-07 1.34924243e-07 1.39062314e-07 1.43323456e-07 1.47711142e-07 1.52228938e-07 1.56880504e-07 1.61669598e-07 1.66600077e-07 1.71675901e-07 1.76901136e-07 1.82279953e-07 1.87816635e-07 1.93515578e-07 1.99381294e-07 2.05418412e-07 2.11631686e-07 2.18025993e-07 2.24606338e-07 2.31377857e-07 2.38345823e-07 2.45515644e-07 2.52892870e-07 2.60483198e-07 2.68292470e-07 2.76326685e-07 2.84591996e-07 2.93094718e-07 3.01841341e-07 3.10838547e-07 3.20093256e-07 3.29612719e-07 3.39404700e-07 3.49477818e-07 3.59842132e-07 3.70510110e-07 3.81498127e-07 3.92828701e-07 4.04533672e-07 4.16658569e-07 4.29268394e-07 4.42455075e-07 4.56346778e-07 4.71119271e-07 4.87009462e-07 5.04331202e-07 5.23493353e-07 5.45020103e-07];
I2 = [ 9.36046046e-09 1.66526251e-08 2.21101074e-08 2.60873762e-08 2.90009072e-08 3.12294133e-08 3.30500176e-08 3.46384091e-08 3.60987144e-08 3.74919356e-08 3.88545727e-08 4.02093037e-08 4.15708702e-08 4.29493294e-08 4.43518880e-08 4.57839669e-08 4.72498382e-08 4.87530183e-08 5.02965186e-08 5.18830074e-08 5.35149205e-08 5.51945354e-08 5.69240245e-08 5.87054926e-08 6.05410048e-08 6.24326067e-08 6.43823411e-08 6.63922592e-08 6.84644310e-08 7.06009529e-08 7.28039543e-08 7.50756026e-08 7.74181088e-08 7.98337306e-08 8.23247767e-08 8.48936099e-08 8.75426502e-08 9.02743775e-08 9.30913347e-08 9.59961298e-08 9.89914388e-08 1.02080008e-07 1.05264657e-07 1.08548280e-07 1.11933848e-07 1.15424415e-07 1.19023114e-07 1.22733165e-07 1.26557874e-07 1.30500639e-07 1.34564949e-07 1.38754387e-07 1.43072636e-07 1.47523478e-07 1.52110798e-07 1.56838586e-07 1.61710943e-07 1.66732079e-07 1.71906322e-07 1.77238113e-07 1.82732018e-07 1.88392723e-07 1.94225045e-07 2.00233929e-07 2.06424454e-07 2.12801837e-07 2.19371435e-07 2.26138750e-07 2.33109434e-07 2.40289287e-07 2.47684269e-07 2.55300498e-07 2.63144257e-07 2.71221995e-07 2.79540337e-07 2.88106082e-07 2.96926213e-07 3.06007898e-07 3.15358495e-07 3.24985559e-07 3.34896845e-07 3.45100314e-07 3.55604137e-07 3.66416705e-07 3.77546625e-07 3.89002736e-07 4.00794108e-07 4.12930051e-07 4.25420118e-07 4.38274116e-07 4.51502108e-07 4.65114421e-07 4.79121652e-07 4.93534678e-07 5.08364657e-07 5.23623040e-07 5.39321578e-07 5.55472327e-07 5.72087659e-07 5.89180273e-07 6.06763217e-07 6.24849924e-07 6.43454307e-07 6.62590943e-07 6.82275436e-07 7.02525101e-07 7.23360138e-07 7.44805561e-07 7.66894206e-07 7.89671192e-07 8.13200284e-07 8.37572619e-07 8.62918285e-07 8.89421215e-07 9.17337813e-07 9.47019678e-07 9.78940684e-07 1.01372857e-06 1.05220109e-06 1.09540662e-06];
I3 = [ 1.40643204e-08 2.50210522e-08 3.32211476e-08 3.91971749e-08 4.35748860e-08 4.69233064e-08 4.96588280e-08 5.20454350e-08 5.42395848e-08 5.63329373e-08 5.83803363e-08 6.04158564e-08 6.24616478e-08 6.45328219e-08 6.66402069e-08 6.87919478e-08 7.09944635e-08 7.32530380e-08 7.55721953e-08 7.79559453e-08 8.04079474e-08 8.29316238e-08 8.55302387e-08 8.82069545e-08 9.09648742e-08 9.38070716e-08 9.67366159e-08 9.97565893e-08 1.02870102e-07 1.06080304e-07 1.09390395e-07 1.12803632e-07 1.16323336e-07 1.19952901e-07 1.23695795e-07 1.27555569e-07 1.31535859e-07 1.35640391e-07 1.39872986e-07 1.44237563e-07 1.48738143e-07 1.53378852e-07 1.58163928e-07 1.63097718e-07 1.68184690e-07 1.73429428e-07 1.78836644e-07 1.84411174e-07 1.90157988e-07 1.96082189e-07 2.02189021e-07 2.08483869e-07 2.14972267e-07 2.21659896e-07 2.28552595e-07 2.35656362e-07 2.42977357e-07 2.50521907e-07 2.58296514e-07 2.66307855e-07 2.74562787e-07 2.83068357e-07 2.91831798e-07 3.00860544e-07 3.10162226e-07 3.19744685e-07 3.29615971e-07 3.39784352e-07 3.50258319e-07 3.61046592e-07 3.72158125e-07 3.83602113e-07 3.95387996e-07 4.07525468e-07 4.20024483e-07 4.32895261e-07 4.46148294e-07 4.59794354e-07 4.73844500e-07 4.88310085e-07 5.03202765e-07 5.18534502e-07 5.34317580e-07 5.50564604e-07 5.67288514e-07 5.84502591e-07 6.02220469e-07 6.20456137e-07 6.39223957e-07 6.58538665e-07 6.78415385e-07 6.98869640e-07 7.19917357e-07 7.41574882e-07 7.63858987e-07 7.86786885e-07 8.10376235e-07 8.34645159e-07 8.59612254e-07 8.85296608e-07 9.11717829e-07 9.38896114e-07 9.66852373e-07 9.95608513e-07 1.02518799e-06 1.05561682e-06 1.08692535e-06 1.11915114e-06 1.15234351e-06 1.18657016e-06 1.22192680e-06 1.25855015e-06 1.29663537e-06 1.33645837e-06 1.37840375e-06 1.42299888e-06 1.47095450e-06 1.52321212e-06 1.58099821e-06 1.64588513e-06];
