x = [ 1.00000000e-02 2.00000000e-02 3.00000000e-02 4.00000000e-02 5.00000000e-02 6.00000000e-02 7.00000000e-02 8.00000000e-02 9.00000000e-02 1.00000000e-01 1.10000000e-01 1.20000000e-01 1.30000000e-01 1.40000000e-01 1.50000000e-01 1.60000000e-01 1.70000000e-01 1.80000000e-01 1.90000000e-01 2.00000000e-01 2.10000000e-01 2.20000000e-01 2.30000000e-01 2.40000000e-01 2.50000000e-01 2.60000000e-01 2.70000000e-01 2.80000000e-01 2.90000000e-01 3.00000000e-01 3.10000000e-01 3.20000000e-01 3.30000000e-01 3.40000000e-01 3.50000000e-01 3.60000000e-01 3.70000000e-01 3.80000000e-01 3.90000000e-01 4.00000000e-01 4.10000000e-01 4.20000000e-01 4.30000000e-01 4.40000000e-01 4.50000000e-01 4.60000000e-01 4.70000000e-01 4.80000000e-01 4.90000000e-01 5.00000000e-01 5.10000000e-01 5.20000000e-01 5.30000000e-01 5.40000000e-01 5.50000000e-01 5.60000000e-01 5.70000000e-01 5.80000000e-01 5.90000000e-01 6.00000000e-01 6.10000000e-01 6.20000000e-01 6.30000000e-01 6.40000000e-01 6.50000000e-01 6.60000000e-01 6.70000000e-01 6.80000000e-01 6.90000000e-01 7.00000000e-01 7.10000000e-01 7.20000000e-01 7.30000000e-01 7.40000000e-01 7.50000000e-01 7.60000000e-01 7.70000000e-01 7.80000000e-01 7.90000000e-01 8.00000000e-01 8.10000000e-01 8.20000000e-01 8.30000000e-01 8.40000000e-01 8.50000000e-01 8.60000000e-01 8.70000000e-01 8.80000000e-01 8.90000000e-01 9.00000000e-01 9.10000000e-01 9.20000000e-01 9.30000000e-01 9.40000000e-01 9.50000000e-01 9.60000000e-01 9.70000000e-01 9.80000000e-01 9.90000000e-01 1.00000000e+00 1.01000000e+00 1.02000000e+00 1.03000000e+00 1.04000000e+00 1.05000000e+00 1.06000000e+00 1.07000000e+00 1.08000000e+00 1.09000000e+00 1.10000000e+00 1.11000000e+00 1.12000000e+00 1.13000000e+00 1.14000000e+00 1.15000000e+00 1.16000000e+00 1.17000000e+00 1.18000000e+00 1.19000000e+00 1.20000000e+00];
I1 = [  2.43376097e-11 5.22126241e-11 8.37560409e-11 1.19102153e-10 1.58388654e-10 2.01756739e-10 2.49351196e-10 3.01320494e-10 3.57816879e-10 4.18996463e-10 4.85019310e-10 5.56049533e-10 6.32255382e-10 7.13809338e-10 8.00888209e-10 8.93673225e-10 9.92350133e-10 1.09710930e-09 1.20814582e-09 1.32565959e-09 1.44985545e-09 1.58094327e-09 1.71913806e-09 1.86466009e-09 2.01773499e-09 2.17859387e-09 2.34747343e-09 2.52461610e-09 2.71027015e-09 2.90468981e-09 3.10813540e-09 3.32087344e-09 3.54317684e-09 3.77532496e-09 4.01760380e-09 4.27030611e-09 4.53373155e-09 4.80818682e-09 5.09398583e-09 5.39144981e-09 5.70090751e-09 6.02269532e-09 6.35715747e-09 6.70464614e-09 7.06552166e-09 7.44015268e-09 7.82891632e-09 8.23219837e-09 8.65039345e-09 9.08390520e-09 9.53314647e-09 9.99853950e-09 1.04805161e-08 1.09795179e-08 1.14959965e-08 1.20304137e-08 1.25832417e-08 1.31549632e-08 1.37460718e-08 1.43570723e-08 1.49884804e-08 1.56408238e-08 1.63146414e-08 1.70104844e-08 1.77289162e-08 1.84705125e-08 1.92358618e-08 2.00255656e-08 2.08402385e-08 2.16805087e-08 2.25470181e-08 2.34404227e-08 2.43613927e-08 2.53106131e-08 2.62887835e-08 2.72966190e-08 2.83348500e-08 2.94042227e-08 3.05054996e-08 3.16394594e-08 3.28068978e-08 3.40086273e-08 3.52454780e-08 3.65182980e-08 3.78279530e-08 3.91753278e-08 4.05613255e-08 4.19868688e-08 4.34528998e-08 4.49603807e-08 4.65102940e-08 4.81036431e-08 4.97414523e-08 5.14247678e-08 5.31546577e-08 5.49322126e-08 5.67585459e-08 5.86347944e-08 6.05621187e-08 6.25417036e-08 6.45747587e-08 6.66625186e-08 6.88062439e-08 7.10072212e-08 7.32667639e-08 7.55862124e-08 7.79669351e-08 8.04103285e-08 8.29178180e-08 8.54908584e-08 8.81309344e-08 9.08395612e-08 9.36182851e-08 9.64686842e-08 9.93923687e-08 1.02390982e-07 1.05466201e-07 1.08619736e-07 1.11853334e-07 1.15168776e-07];
I2 = [  4.89210529e-11 1.04952646e-10 1.68358099e-10 2.39407351e-10 3.18377185e-10 4.05551414e-10 5.01221075e-10 6.05684610e-10 7.19248047e-10 8.42225184e-10 9.74937770e-10 1.11771569e-09 1.27089713e-09 1.43482881e-09 1.60986613e-09 1.79637337e-09 1.99472390e-09 2.20530040e-09 2.42849499e-09 2.66470952e-09 2.91435572e-09 3.17785546e-09 3.45564093e-09 3.74815488e-09 4.05585085e-09 4.37919340e-09 4.71865834e-09 5.07473296e-09 5.44791631e-09 5.83871941e-09 6.24766552e-09 6.67529042e-09 7.12214264e-09 7.58878373e-09 8.07578859e-09 8.58374567e-09 9.11325731e-09 9.66494002e-09 1.02394248e-08 1.08373573e-08 1.14593984e-08 1.21062243e-08 1.27785268e-08 1.34770139e-08 1.42024100e-08 1.49554560e-08 1.57369100e-08 1.65475474e-08 1.73881615e-08 1.82595636e-08 1.91625837e-08 2.00980704e-08 2.10668917e-08 2.20699354e-08 2.31081092e-08 2.41823413e-08 2.52935809e-08 2.64427983e-08 2.76309859e-08 2.88591580e-08 3.01283516e-08 3.14396270e-08 3.27940678e-08 3.41927819e-08 3.56369016e-08 3.71275843e-08 3.86660129e-08 4.02533963e-08 4.18909702e-08 4.35799971e-08 4.53217675e-08 4.71175998e-08 4.89688413e-08 5.08768688e-08 5.28430888e-08 5.48689384e-08 5.69558860e-08 5.91054315e-08 6.13191075e-08 6.35984794e-08 6.59451464e-08 6.83607419e-08 7.08469347e-08 7.34054289e-08 7.60379654e-08 7.87463221e-08 8.15323147e-08 8.43977977e-08 8.73446650e-08 9.03748505e-08 9.34903292e-08 9.66931180e-08 9.99852760e-08 1.03368906e-07 1.06846155e-07 1.10419215e-07 1.14090325e-07 1.17861769e-07 1.21735879e-07 1.25715039e-07 1.29801679e-07 1.33998281e-07 1.38307379e-07 1.42731558e-07 1.47273459e-07 1.51935777e-07 1.56721262e-07 1.61632721e-07 1.66673018e-07 1.71845080e-07 1.77151889e-07 1.82596491e-07 1.88181995e-07 1.93911573e-07 1.99788461e-07 2.05815964e-07 2.11997450e-07 2.18336360e-07 2.24836202e-07 2.31500559e-07];
I3 = [  7.35044941e-11 1.57692664e-10 2.52960149e-10 3.59712539e-10 4.78365700e-10 6.09346067e-10 7.53090926e-10 9.10048688e-10 1.08067917e-09 1.26545385e-09 1.46485616e-09 1.67938175e-09 1.90953877e-09 2.15584816e-09 2.41884390e-09 2.69907334e-09 2.99709748e-09 3.31349126e-09 3.64884390e-09 4.00375914e-09 4.37885565e-09 4.77476725e-09 5.19214334e-09 5.63164915e-09 6.09396613e-09 6.57979228e-09 7.08984251e-09 7.62484899e-09 8.18556153e-09 8.77274796e-09 9.38719449e-09 1.00297061e-08 1.07011070e-08 1.14022409e-08 1.21339716e-08 1.28971833e-08 1.36927809e-08 1.45216908e-08 1.53848611e-08 1.62832619e-08 1.72178861e-08 1.81897497e-08 1.91998924e-08 2.02493776e-08 2.13392939e-08 2.24707544e-08 2.36448983e-08 2.48628906e-08 2.61259232e-08 2.74352152e-08 2.87920134e-08 3.01975931e-08 3.16532586e-08 3.31603434e-08 3.47202116e-08 3.63342578e-08 3.80039081e-08 3.97306206e-08 4.15158861e-08 4.33612287e-08 4.52682066e-08 4.72384128e-08 4.92734755e-08 5.13750592e-08 5.35448653e-08 5.57846328e-08 5.80961389e-08 6.04812002e-08 6.29416731e-08 6.54794547e-08 6.80964838e-08 7.07947414e-08 7.35762520e-08 7.64430839e-08 7.93973507e-08 8.24412115e-08 8.55768724e-08 8.88065874e-08 9.21326589e-08 9.55574391e-08 9.90833307e-08 1.02712788e-07 1.06448318e-07 1.10292482e-07 1.14247895e-07 1.18317228e-07 1.22503210e-07 1.26808626e-07 1.31236324e-07 1.35789207e-07 1.40470244e-07 1.45282465e-07 1.50228964e-07 1.55312900e-07 1.60537499e-07 1.65906055e-07 1.71421931e-07 1.77088559e-07 1.82909446e-07 1.88888169e-07 1.95028381e-07 2.01333812e-07 2.07808268e-07 2.14455635e-07 2.21279880e-07 2.28285051e-07 2.35475280e-07 2.42854786e-07 2.50427874e-07 2.58198936e-07 2.66172457e-07 2.74353013e-07 2.82745274e-07 2.91354006e-07 3.00184073e-07 3.09240436e-07 3.18528162e-07 3.28052416e-07 3.37818472e-07 3.47831709e-07];
