x = [ 1.00000000e-02 2.00000000e-02 3.00000000e-02 4.00000000e-02 5.00000000e-02 6.00000000e-02 7.00000000e-02 8.00000000e-02 9.00000000e-02 1.00000000e-01 1.10000000e-01 1.20000000e-01 1.30000000e-01 1.40000000e-01 1.50000000e-01 1.60000000e-01 1.70000000e-01 1.80000000e-01 1.90000000e-01 2.00000000e-01 2.10000000e-01 2.20000000e-01 2.30000000e-01 2.40000000e-01 2.50000000e-01 2.60000000e-01 2.70000000e-01 2.80000000e-01 2.90000000e-01 3.00000000e-01 3.10000000e-01 3.20000000e-01 3.30000000e-01 3.40000000e-01 3.50000000e-01 3.60000000e-01 3.70000000e-01 3.80000000e-01 3.90000000e-01 4.00000000e-01 4.10000000e-01 4.20000000e-01 4.30000000e-01 4.40000000e-01 4.50000000e-01 4.60000000e-01 4.70000000e-01 4.80000000e-01 4.90000000e-01 5.00000000e-01 5.10000000e-01 5.20000000e-01 5.30000000e-01 5.40000000e-01 5.50000000e-01 5.60000000e-01 5.70000000e-01 5.80000000e-01 5.90000000e-01 6.00000000e-01 6.10000000e-01 6.20000000e-01 6.30000000e-01 6.40000000e-01 6.50000000e-01 6.60000000e-01 6.70000000e-01 6.80000000e-01 6.90000000e-01 7.00000000e-01 7.10000000e-01 7.20000000e-01 7.30000000e-01 7.40000000e-01 7.50000000e-01 7.60000000e-01 7.70000000e-01 7.80000000e-01 7.90000000e-01 8.00000000e-01 8.10000000e-01 8.20000000e-01 8.30000000e-01 8.40000000e-01 8.50000000e-01 8.60000000e-01 8.70000000e-01 8.80000000e-01 8.90000000e-01 9.00000000e-01 9.10000000e-01 9.20000000e-01 9.30000000e-01 9.40000000e-01 9.50000000e-01 9.60000000e-01 9.70000000e-01 9.80000000e-01 9.90000000e-01 1.00000000e+00 1.01000000e+00 1.02000000e+00 1.03000000e+00 1.04000000e+00 1.05000000e+00 1.06000000e+00 1.07000000e+00 1.08000000e+00 1.09000000e+00 1.10000000e+00 1.11000000e+00 1.12000000e+00 1.13000000e+00 1.14000000e+00 1.15000000e+00 1.16000000e+00 1.17000000e+00 1.18000000e+00 1.19000000e+00 1.20000000e+00];
I1 = [  4.18619190e-11 7.71594239e-11 1.06139893e-10 1.29047579e-10 1.46125460e-10 1.57618056e-10 1.63775801e-10 1.64861884e-10 1.61163202e-10 1.53008315e-10 1.40798281e-10 1.25063964e-10 1.06589227e-10 8.67506064e-11 6.88694097e-11 6.49099421e-11 9.67549035e-11 1.57243354e-10 2.38676059e-10 3.42867210e-10 4.74544089e-10 6.39515584e-10 8.43724901e-10 1.09238845e-09 1.38933245e-09 1.73674636e-09 2.13539518e-09 2.58511710e-09 3.08536171e-09 3.63560170e-09 4.23557052e-09 4.88535601e-09 5.58540373e-09 6.33647623e-09 7.13959815e-09 7.99600291e-09 8.90708761e-09 9.87437771e-09 1.08995008e-08 1.19841679e-08 1.31301608e-08 1.43393232e-08 1.56135558e-08 1.69548135e-08 1.83651034e-08 1.98464849e-08 2.14010697e-08 2.30310233e-08 2.47385654e-08 2.65259715e-08 2.83955748e-08 3.03497670e-08 3.23910005e-08 3.45217899e-08 3.67447139e-08 3.90624167e-08 4.14776107e-08 4.39930776e-08 4.66116718e-08 4.93363216e-08 5.21700328e-08 5.51158910e-08 5.81770652e-08 6.13568112e-08 6.46584758e-08 6.80855013e-08 7.16414307e-08 7.53299139e-08 7.91547140e-08 8.31197161e-08 8.72289353e-08 9.14865280e-08 9.58968038e-08 1.00464239e-07 1.05193496e-07 1.10089437e-07 1.15157151e-07 1.20401980e-07 1.25829546e-07 1.31445791e-07 1.37257014e-07 1.43269923e-07 1.49491692e-07 1.55930022e-07 1.62593226e-07 1.69490309e-07 1.76631078e-07 1.84026255e-07 1.91687619e-07 1.99628161e-07 2.07862260e-07 2.16405890e-07 2.25276847e-07 2.34495008e-07 2.44082614e-07 2.54064587e-07 2.64468874e-07 2.75326817e-07 2.86673544e-07 2.98548387e-07 3.10995295e-07 3.24063263e-07 3.37806739e-07 3.52286005e-07 3.67567528e-07 3.83724233e-07 4.00835723e-07 4.18988398e-07 4.38275484e-07 4.58796958e-07 4.80659374e-07 5.03975606e-07 5.28864511e-07 5.55450552e-07 5.83863402e-07 6.14237565e-07 6.46712044e-07 6.81430090e-07 7.18539046e-07 7.58190319e-07];
I2 = [  8.41466843e-11 1.55098234e-10 2.13351904e-10 2.59398667e-10 2.93726932e-10 3.16828213e-10 3.29205902e-10 3.31389041e-10 3.23954316e-10 3.07562170e-10 2.83018768e-10 2.51391203e-10 2.14255114e-10 1.74377483e-10 1.38434471e-10 1.30475540e-10 1.94487125e-10 3.16075016e-10 4.79762970e-10 6.89197692e-10 9.53881497e-10 1.28549083e-09 1.69597212e-09 2.19581089e-09 2.79269821e-09 3.49103510e-09 4.29235927e-09 5.19634550e-09 6.20188737e-09 7.30792496e-09 8.51392245e-09 9.82005640e-09 1.12272224e-08 1.27369533e-08 1.43513087e-08 1.60727678e-08 1.79041391e-08 1.98484887e-08 2.19090883e-08 2.40893773e-08 2.63929370e-08 2.88234736e-08 3.13848079e-08 3.40808690e-08 3.69156915e-08 3.98934150e-08 4.30182844e-08 4.62946522e-08 4.97269804e-08 5.33198431e-08 5.70779298e-08 6.10060483e-08 6.51091283e-08 6.93922242e-08 7.38605192e-08 7.85193288e-08 8.33741046e-08 8.84304387e-08 9.36940681e-08 9.91708793e-08 1.04866914e-07 1.10788375e-07 1.16941631e-07 1.23333228e-07 1.29969892e-07 1.36858543e-07 1.44006303e-07 1.51420508e-07 1.59108722e-07 1.67078755e-07 1.75338677e-07 1.83896843e-07 1.92761915e-07 2.01942893e-07 2.11449144e-07 2.21290445e-07 2.31477027e-07 2.42019624e-07 2.52929538e-07 2.64218712e-07 2.75899808e-07 2.87986310e-07 3.00492637e-07 3.13434272e-07 3.26827919e-07 3.40691682e-07 3.55045272e-07 3.69910243e-07 3.85310271e-07 4.01271466e-07 4.17822732e-07 4.34996177e-07 4.52827574e-07 4.71356873e-07 4.90628781e-07 5.10693392e-07 5.31606881e-07 5.53432243e-07 5.76240092e-07 6.00109479e-07 6.25128748e-07 6.51396376e-07 6.79021804e-07 7.08126204e-07 7.38843166e-07 7.71319277e-07 8.05714533e-07 8.42202598e-07 8.80970853e-07 9.22220247e-07 9.66164952e-07 1.01303184e-06 1.06305979e-06 1.11649898e-06 1.17361004e-06 1.23466329e-06 1.29993813e-06 1.36972245e-06 1.44431240e-06 1.52401227e-06];
I3 = [  1.26431447e-10 2.33037040e-10 3.20563910e-10 3.89749751e-10 4.41328402e-10 4.76038367e-10 4.94636003e-10 4.97916197e-10 4.86745431e-10 4.62116027e-10 4.25239259e-10 3.77718444e-10 3.21921004e-10 2.62004362e-10 2.07999533e-10 1.96041136e-10 2.92219340e-10 4.74906660e-10 7.20849845e-10 1.03552811e-09 1.43321879e-09 1.93146588e-09 2.54821903e-09 3.29923284e-09 4.19606323e-09 5.24532278e-09 6.44932189e-09 7.80757190e-09 9.31841041e-09 1.09802448e-08 1.27922701e-08 1.47547514e-08 1.68690345e-08 1.91374224e-08 2.15630096e-08 2.41495213e-08 2.69011769e-08 2.98225837e-08 3.29186571e-08 3.61945649e-08 3.96556880e-08 4.33075951e-08 4.71560268e-08 5.12068866e-08 5.54662365e-08 5.99402961e-08 6.46354438e-08 6.95582188e-08 7.47153252e-08 8.01136358e-08 8.57601966e-08 9.16622312e-08 9.78271464e-08 1.04262536e-07 1.10976189e-07 1.17976091e-07 1.25270432e-07 1.32867616e-07 1.40776262e-07 1.49005214e-07 1.57563550e-07 1.66460589e-07 1.75705902e-07 1.85309322e-07 1.95280955e-07 2.05631199e-07 2.16370754e-07 2.27510642e-07 2.39062229e-07 2.51037248e-07 2.63447825e-07 2.76306513e-07 2.89626327e-07 3.03420787e-07 3.17703970e-07 3.32490563e-07 3.47795938e-07 3.63636224e-07 3.80028401e-07 3.96990412e-07 4.14541284e-07 4.32701274e-07 4.51492045e-07 4.70936862e-07 4.91060821e-07 5.11891123e-07 5.33457382e-07 5.55791982e-07 5.78930494e-07 6.02912148e-07 6.27780372e-07 6.53583405e-07 6.80374991e-07 7.08215156e-07 7.37171068e-07 7.67317990e-07 7.98740319e-07 8.31532703e-07 8.65801230e-07 9.01664670e-07 9.39255749e-07 9.78722423e-07 1.02022911e-06 1.06395787e-06 1.11010939e-06 1.15890391e-06 1.21058181e-06 1.26540399e-06 1.32365195e-06 1.38562761e-06 1.45165272e-06 1.52206810e-06 1.59723266e-06 1.67752221e-06 1.76332828e-06 1.85505700e-06 1.95312806e-06 2.05797396e-06 2.17003956e-06 2.28978195e-06];
