x = [ 1.00000000e-02 2.00000000e-02 3.00000000e-02 4.00000000e-02 5.00000000e-02 6.00000000e-02 7.00000000e-02 8.00000000e-02 9.00000000e-02 1.00000000e-01 1.10000000e-01 1.20000000e-01 1.30000000e-01 1.40000000e-01 1.50000000e-01 1.60000000e-01 1.70000000e-01 1.80000000e-01 1.90000000e-01 2.00000000e-01 2.10000000e-01 2.20000000e-01 2.30000000e-01 2.40000000e-01 2.50000000e-01 2.60000000e-01 2.70000000e-01 2.80000000e-01 2.90000000e-01 3.00000000e-01 3.10000000e-01 3.20000000e-01 3.30000000e-01 3.40000000e-01 3.50000000e-01 3.60000000e-01 3.70000000e-01 3.80000000e-01 3.90000000e-01 4.00000000e-01 4.10000000e-01 4.20000000e-01 4.30000000e-01 4.40000000e-01 4.50000000e-01 4.60000000e-01 4.70000000e-01 4.80000000e-01 4.90000000e-01 5.00000000e-01 5.10000000e-01 5.20000000e-01 5.30000000e-01 5.40000000e-01 5.50000000e-01 5.60000000e-01 5.70000000e-01 5.80000000e-01 5.90000000e-01 6.00000000e-01 6.10000000e-01 6.20000000e-01 6.30000000e-01 6.40000000e-01 6.50000000e-01 6.60000000e-01 6.70000000e-01 6.80000000e-01 6.90000000e-01 7.00000000e-01 7.10000000e-01 7.20000000e-01 7.30000000e-01 7.40000000e-01 7.50000000e-01 7.60000000e-01 7.70000000e-01 7.80000000e-01 7.90000000e-01 8.00000000e-01 8.10000000e-01 8.20000000e-01 8.30000000e-01 8.40000000e-01 8.50000000e-01 8.60000000e-01 8.70000000e-01 8.80000000e-01 8.90000000e-01 9.00000000e-01 9.10000000e-01 9.20000000e-01 9.30000000e-01 9.40000000e-01 9.50000000e-01 9.60000000e-01 9.70000000e-01 9.80000000e-01 9.90000000e-01 1.00000000e+00 1.01000000e+00 1.02000000e+00 1.03000000e+00 1.04000000e+00 1.05000000e+00 1.06000000e+00 1.07000000e+00 1.08000000e+00 1.09000000e+00 1.10000000e+00 1.11000000e+00 1.12000000e+00 1.13000000e+00 1.14000000e+00 1.15000000e+00 1.16000000e+00 1.17000000e+00 1.18000000e+00 1.19000000e+00 1.20000000e+00];
I1 = [  3.18039130e-15 5.34974420e-15 6.82954686e-15 7.83924145e-15 8.52846034e-15 8.99921794e-15 9.32105935e-15 9.54139824e-15 9.69256416e-15 9.79660382e-15 9.86855284e-15 9.91866592e-15 9.95393743e-15 9.97913846e-15 9.99752389e-15 1.00113148e-14 1.00220271e-14 1.00306963e-14 1.00380299e-14 1.00445122e-14 1.00504750e-14 1.00561465e-14 1.00616841e-14 1.00671969e-14 1.00727615e-14 1.00784321e-14 1.00842476e-14 1.00902370e-14 1.00964221e-14 1.01028201e-14 1.01094451e-14 1.01163091e-14 1.01234229e-14 1.01307963e-14 1.01384388e-14 1.01463593e-14 1.01545670e-14 1.01630708e-14 1.01718797e-14 1.01810031e-14 1.01904501e-14 1.02002305e-14 1.02103538e-14 1.02208303e-14 1.02316701e-14 1.02428836e-14 1.02544818e-14 1.02664755e-14 1.02788761e-14 1.02916953e-14 1.03049448e-14 1.03186369e-14 1.03327840e-14 1.03473990e-14 1.03624949e-14 1.03780853e-14 1.03941838e-14 1.04108047e-14 1.04279623e-14 1.04456714e-14 1.04639474e-14 1.04828056e-14 1.05022620e-14 1.05223329e-14 1.05430350e-14 1.05643854e-14 1.05864016e-14 1.06091015e-14 1.06325035e-14 1.06566263e-14 1.06814892e-14 1.07071119e-14 1.07335144e-14 1.07607174e-14 1.07887420e-14 1.08176097e-14 1.08473426e-14 1.08779633e-14 1.09094949e-14 1.09419611e-14 1.09753860e-14 1.10097943e-14 1.10452113e-14 1.10816629e-14 1.11191755e-14 1.11577761e-14 1.11974924e-14 1.12383527e-14 1.12803858e-14 1.13236213e-14 1.13680893e-14 1.14138207e-14 1.14608474e-14 1.21887761e-14 1.32801279e-14 1.48765606e-14 1.72050706e-14 2.06457878e-14 2.60317512e-14 3.57235791e-14 5.70367069e-14 1.11886169e-13 2.60977443e-13 6.58592090e-13 1.66600988e-12 4.06851549e-12 9.46272724e-12 2.09067710e-11 4.39538521e-11 8.82176064e-11 1.69642420e-10 3.13670873e-10 5.59511180e-10 9.65708163e-10 1.61721109e-09 2.63411056e-09 4.18218554e-09 6.48536199e-09 9.84013870e-09 1.46319861e-08];
I2 = [  3.18021325e-15 5.34995633e-15 6.83045643e-15 7.84118537e-15 8.53178077e-15 9.00423403e-15 9.32805141e-15 9.55060779e-15 9.70420234e-15 9.81086087e-15 9.88560577e-15 9.93868395e-15 9.97708581e-15 1.00055810e-14 1.00274247e-14 1.00448396e-14 1.00593443e-14 1.00719773e-14 1.00834502e-14 1.00942513e-14 1.01047171e-14 1.01150807e-14 1.01255048e-14 1.01361041e-14 1.01469607e-14 1.01581349e-14 1.01696719e-14 1.01816069e-14 1.01939684e-14 1.02067804e-14 1.02200642e-14 1.02338390e-14 1.02481230e-14 1.02629338e-14 1.02782887e-14 1.02942049e-14 1.03106998e-14 1.03277910e-14 1.03454963e-14 1.03638341e-14 1.03828229e-14 1.04024818e-14 1.04228305e-14 1.04438891e-14 1.04656779e-14 1.04882183e-14 1.05115316e-14 1.05356402e-14 1.05605668e-14 1.05863345e-14 1.06129674e-14 1.06404900e-14 1.06689272e-14 1.06983049e-14 1.07286493e-14 1.07599876e-14 1.07923474e-14 1.08257571e-14 1.08602458e-14 1.08958432e-14 1.09325797e-14 1.09704868e-14 1.10095963e-14 1.10499411e-14 1.10915546e-14 1.11344713e-14 1.11787264e-14 1.12243558e-14 1.12713965e-14 1.13198861e-14 1.13698634e-14 1.14213679e-14 1.14744400e-14 1.15291212e-14 1.15854538e-14 1.16434813e-14 1.17032480e-14 1.17647993e-14 1.18281816e-14 1.18934425e-14 1.19606305e-14 1.20297953e-14 1.21009878e-14 1.21742599e-14 1.22496648e-14 1.23272569e-14 1.24070916e-14 1.24892258e-14 1.25737176e-14 1.26606263e-14 1.27500126e-14 1.28419386e-14 1.29364683e-14 1.43996868e-14 1.65934273e-14 1.98024382e-14 2.44830068e-14 3.13992304e-14 4.22255751e-14 6.17070040e-14 1.04547860e-13 2.14798304e-13 5.14479056e-13 1.31370333e-12 3.33866143e-12 8.16781650e-12 1.90104581e-11 4.20135918e-11 8.83394835e-11 1.77312117e-10 3.40980688e-10 6.30486380e-10 1.12464021e-09 1.94112109e-09 3.25068265e-09 5.29471506e-09 8.40644530e-09 1.30359799e-08 1.97793020e-08 2.94112341e-08];
I3 = [  3.18003521e-15 5.35016848e-15 6.83136604e-15 7.84312933e-15 8.53510126e-15 9.00925022e-15 9.33504358e-15 9.55981748e-15 9.71584067e-15 9.82511811e-15 9.90265891e-15 9.95870224e-15 1.00002345e-14 1.00320238e-14 1.00573258e-14 1.00783648e-14 1.00966618e-14 1.01132588e-14 1.01288710e-14 1.01439909e-14 1.01589598e-14 1.01740157e-14 1.01893264e-14 1.02050121e-14 1.02211609e-14 1.02378388e-14 1.02550972e-14 1.02729779e-14 1.02915159e-14 1.03107421e-14 1.03306848e-14 1.03513705e-14 1.03728248e-14 1.03950732e-14 1.04181407e-14 1.04420527e-14 1.04668350e-14 1.04925137e-14 1.05191156e-14 1.05466679e-14 1.05751986e-14 1.06047364e-14 1.06353107e-14 1.06669515e-14 1.06996897e-14 1.07335570e-14 1.07685859e-14 1.08048096e-14 1.08422623e-14 1.08809790e-14 1.09209956e-14 1.09623489e-14 1.10050766e-14 1.10492173e-14 1.10948107e-14 1.11418973e-14 1.11905189e-14 1.12407179e-14 1.12925380e-14 1.13460241e-14 1.14012219e-14 1.14581784e-14 1.15169416e-14 1.15775608e-14 1.16400865e-14 1.17045702e-14 1.17710648e-14 1.18396245e-14 1.19103046e-14 1.19831619e-14 1.20582544e-14 1.21356416e-14 1.22153843e-14 1.22975447e-14 1.23821866e-14 1.24693750e-14 1.25591766e-14 1.26516597e-14 1.27468941e-14 1.28449511e-14 1.29459037e-14 1.30498267e-14 1.31567963e-14 1.32668907e-14 1.33801897e-14 1.34967751e-14 1.36167303e-14 1.37401406e-14 1.38670933e-14 1.39976776e-14 1.41319847e-14 1.42701078e-14 1.44121433e-14 1.66106682e-14 1.99068247e-14 2.47284537e-14 3.17611381e-14 4.21529374e-14 5.84196929e-14 8.76904729e-14 1.52057682e-13 3.17704042e-13 7.67958636e-13 1.96874961e-12 5.01114046e-12 1.22666955e-11 2.85572258e-11 6.31183416e-11 1.32720891e-10 2.66398412e-10 5.12303633e-10 9.47274386e-10 1.68972157e-09 2.91645394e-09 4.88402355e-09 7.95511192e-09 1.26303830e-08 1.95861092e-08 2.97177393e-08 4.41894235e-08];
