x = [ 1.00000000e-02 2.00000000e-02 3.00000000e-02 4.00000000e-02 5.00000000e-02 6.00000000e-02 7.00000000e-02 8.00000000e-02 9.00000000e-02 1.00000000e-01 1.10000000e-01 1.20000000e-01 1.30000000e-01 1.40000000e-01 1.50000000e-01 1.60000000e-01 1.70000000e-01 1.80000000e-01 1.90000000e-01 2.00000000e-01 2.10000000e-01 2.20000000e-01 2.30000000e-01 2.40000000e-01 2.50000000e-01 2.60000000e-01 2.70000000e-01 2.80000000e-01 2.90000000e-01 3.00000000e-01 3.10000000e-01 3.20000000e-01 3.30000000e-01 3.40000000e-01 3.50000000e-01 3.60000000e-01 3.70000000e-01 3.80000000e-01 3.90000000e-01 4.00000000e-01 4.10000000e-01 4.20000000e-01 4.30000000e-01 4.40000000e-01 4.50000000e-01 4.60000000e-01 4.70000000e-01 4.80000000e-01 4.90000000e-01 5.00000000e-01 5.10000000e-01 5.20000000e-01 5.30000000e-01 5.40000000e-01 5.50000000e-01 5.60000000e-01 5.70000000e-01 5.80000000e-01 5.90000000e-01 6.00000000e-01 6.10000000e-01 6.20000000e-01 6.30000000e-01 6.40000000e-01 6.50000000e-01 6.60000000e-01 6.70000000e-01 6.80000000e-01 6.90000000e-01 7.00000000e-01 7.10000000e-01 7.20000000e-01 7.30000000e-01 7.40000000e-01 7.50000000e-01 7.60000000e-01 7.70000000e-01 7.80000000e-01 7.90000000e-01 8.00000000e-01 8.10000000e-01 8.20000000e-01 8.30000000e-01 8.40000000e-01 8.50000000e-01 8.60000000e-01 8.70000000e-01 8.80000000e-01 8.90000000e-01 9.00000000e-01 9.10000000e-01 9.20000000e-01 9.30000000e-01 9.40000000e-01 9.50000000e-01 9.60000000e-01 9.70000000e-01 9.80000000e-01 9.90000000e-01 1.00000000e+00 1.01000000e+00 1.02000000e+00 1.03000000e+00 1.04000000e+00 1.05000000e+00 1.06000000e+00 1.07000000e+00 1.08000000e+00 1.09000000e+00 1.10000000e+00 1.11000000e+00 1.12000000e+00 1.13000000e+00 1.14000000e+00 1.15000000e+00 1.16000000e+00 1.17000000e+00 1.18000000e+00 1.19000000e+00 1.20000000e+00];
I1 = [  9.33254936e-09 1.67619313e-08 2.24457604e-08 2.66541290e-08 2.97413871e-08 3.20654225e-08 3.39127470e-08 3.54769192e-08 3.68767573e-08 3.81827228e-08 3.94368134e-08 4.06647360e-08 4.18828134e-08 4.31018402e-08 4.43292585e-08 4.55704147e-08 4.68293062e-08 4.81090390e-08 4.94121149e-08 5.07406180e-08 5.20963385e-08 5.34808563e-08 5.48955994e-08 5.63418858e-08 5.78209525e-08 5.93339780e-08 6.08820987e-08 6.24664209e-08 6.40880308e-08 6.57480018e-08 6.74474003e-08 6.91872906e-08 7.09687387e-08 7.27928153e-08 7.46605987e-08 7.65731769e-08 7.85316495e-08 8.05371291e-08 8.25907433e-08 8.46936353e-08 8.68469656e-08 8.90519127e-08 9.13096741e-08 9.36214671e-08 9.59885299e-08 9.84121219e-08 1.00893525e-07 1.03434044e-07 1.06035007e-07 1.08697765e-07 1.11423698e-07 1.14214206e-07 1.17070718e-07 1.19994691e-07 1.22987605e-07 1.26050972e-07 1.29186331e-07 1.32395248e-07 1.35679321e-07 1.39040178e-07 1.42479475e-07 1.45998904e-07 1.49600185e-07 1.53285072e-07 1.57055351e-07 1.60912844e-07 1.64859406e-07 1.68896927e-07 1.73027332e-07 1.77252583e-07 1.81574679e-07 1.85995658e-07 1.90517593e-07 1.95142599e-07 1.99872829e-07 2.04710478e-07 2.09657781e-07 2.14717015e-07 2.19890500e-07 2.25180601e-07 2.30589726e-07 2.36120328e-07 2.41774909e-07 2.47556014e-07 2.53466239e-07 2.59508230e-07 2.65684681e-07 2.71998338e-07 2.78452001e-07 2.85048521e-07 2.91790806e-07 2.98681819e-07 3.05724581e-07 3.12922173e-07 3.20277734e-07 3.27794466e-07 3.35475635e-07 3.43324571e-07 3.51344672e-07 3.59539406e-07 3.67912317e-07 3.76467034e-07 3.85207301e-07 3.94137030e-07 4.03260423e-07 4.12582182e-07 4.22107907e-07 4.31844745e-07 4.41802426e-07 4.51994833e-07 4.62442273e-07 4.73174651e-07 4.84235735e-07 4.95688737e-07 5.07623380e-07 5.20164640e-07 5.33483297e-07 5.47808400e-07 5.63441692e-07 5.80774021e-07];
I2 = [  1.87593637e-08 3.36931699e-08 4.51182392e-08 5.35774845e-08 5.97831846e-08 6.44547306e-08 6.81680396e-08 7.13121839e-08 7.41260003e-08 7.67511234e-08 7.92719729e-08 8.17402220e-08 8.41886815e-08 8.66390495e-08 8.91062853e-08 9.16011357e-08 9.41316361e-08 9.67040296e-08 9.93233453e-08 1.01993773e-07 1.04718909e-07 1.07501932e-07 1.10345711e-07 1.13252895e-07 1.16225971e-07 1.19267307e-07 1.22379189e-07 1.25563840e-07 1.28823443e-07 1.32160156e-07 1.35576123e-07 1.39073482e-07 1.42654377e-07 1.46320960e-07 1.50075399e-07 1.53919880e-07 1.57856614e-07 1.61887837e-07 1.66015815e-07 1.70242848e-07 1.74571267e-07 1.79003442e-07 1.83541779e-07 1.88188726e-07 1.92946772e-07 1.97818447e-07 2.02806330e-07 2.07913041e-07 2.13141252e-07 2.18493680e-07 2.23973094e-07 2.29582312e-07 2.35324208e-07 2.41201705e-07 2.47217784e-07 2.53375482e-07 2.59677889e-07 2.66128159e-07 2.72729501e-07 2.79485187e-07 2.86398550e-07 2.93472985e-07 3.00711952e-07 3.08118978e-07 3.15697654e-07 3.23451640e-07 3.31384664e-07 3.39500527e-07 3.47803099e-07 3.56296325e-07 3.64984221e-07 3.73870883e-07 3.82960481e-07 3.92257264e-07 4.01765561e-07 4.11489784e-07 4.21434425e-07 4.31604063e-07 4.42003361e-07 4.52637072e-07 4.63510037e-07 4.74627189e-07 4.85993552e-07 4.97614248e-07 5.09494494e-07 5.21639607e-07 5.34055002e-07 5.46746202e-07 5.59718833e-07 5.72978627e-07 5.86531430e-07 6.00383198e-07 6.14540004e-07 6.29008040e-07 6.43793618e-07 6.58903174e-07 6.74343273e-07 6.90120610e-07 7.06242015e-07 7.22714459e-07 7.39545066e-07 7.56741132e-07 7.74310183e-07 7.92260085e-07 8.10599280e-07 8.29337225e-07 8.48485175e-07 8.68057497e-07 8.88073750e-07 9.08561840e-07 9.29562590e-07 9.51136108e-07 9.73370379e-07 9.96392466e-07 1.02038272e-06 1.04559237e-06 1.07236470e-06 1.10116012e-06 1.13258520e-06 1.16742558e-06];
I3 = [  2.81861782e-08 5.06244089e-08 6.77907189e-08 8.05008414e-08 8.98249844e-08 9.68440417e-08 1.02423336e-07 1.07147454e-07 1.11375249e-07 1.15319531e-07 1.19107141e-07 1.22815718e-07 1.26494562e-07 1.30176273e-07 1.33883328e-07 1.37631875e-07 1.41433987e-07 1.45299044e-07 1.49234603e-07 1.53246957e-07 1.57341514e-07 1.61523045e-07 1.65795864e-07 1.70163950e-07 1.74631040e-07 1.79200694e-07 1.83876343e-07 1.88661329e-07 1.93558932e-07 1.98572394e-07 2.03704937e-07 2.08959774e-07 2.14340125e-07 2.19849224e-07 2.25490329e-07 2.31266724e-07 2.37181730e-07 2.43238710e-07 2.49441067e-07 2.55792255e-07 2.62295779e-07 2.68955198e-07 2.75774129e-07 2.82756249e-07 2.89905297e-07 2.97225078e-07 3.04719463e-07 3.12392392e-07 3.20247877e-07 3.28290002e-07 3.36522926e-07 3.44950887e-07 3.53578198e-07 3.62409256e-07 3.71448537e-07 3.80700604e-07 3.90170104e-07 3.99861771e-07 4.09780429e-07 4.19930994e-07 4.30318475e-07 4.40947972e-07 4.51824686e-07 4.62953913e-07 4.74341052e-07 4.85991600e-07 4.97911162e-07 5.10105446e-07 5.22580268e-07 5.35341555e-07 5.48395344e-07 5.61747786e-07 5.75405149e-07 5.89373817e-07 6.03660296e-07 6.18271213e-07 6.33213320e-07 6.48493496e-07 6.64118748e-07 6.80096218e-07 6.96433180e-07 7.13137046e-07 7.30215366e-07 7.47675836e-07 7.65526294e-07 7.83774730e-07 8.02429284e-07 8.21498250e-07 8.40990084e-07 8.60913400e-07 8.81276981e-07 9.02089777e-07 9.23360914e-07 9.45099696e-07 9.67315608e-07 9.90018321e-07 1.01321770e-06 1.03692380e-06 1.06114690e-06 1.08589746e-06 1.11118618e-06 1.13702404e-06 1.16342234e-06 1.19039291e-06 1.21794842e-06 1.24610309e-06 1.27487383e-06 1.30428223e-06 1.33435767e-06 1.36514209e-06 1.39669683e-06 1.42911220e-06 1.46252040e-06 1.49711234e-06 1.53315902e-06 1.57103789e-06 1.61126477e-06 1.65453143e-06 1.70174924e-06 1.75409867e-06];
