x = [ 1.00000000e-02 2.00000000e-02 3.00000000e-02 4.00000000e-02 5.00000000e-02 6.00000000e-02 7.00000000e-02 8.00000000e-02 9.00000000e-02 1.00000000e-01 1.10000000e-01 1.20000000e-01 1.30000000e-01 1.40000000e-01 1.50000000e-01 1.60000000e-01 1.70000000e-01 1.80000000e-01 1.90000000e-01 2.00000000e-01 2.10000000e-01 2.20000000e-01 2.30000000e-01 2.40000000e-01 2.50000000e-01 2.60000000e-01 2.70000000e-01 2.80000000e-01 2.90000000e-01 3.00000000e-01 3.10000000e-01 3.20000000e-01 3.30000000e-01 3.40000000e-01 3.50000000e-01 3.60000000e-01 3.70000000e-01 3.80000000e-01 3.90000000e-01 4.00000000e-01 4.10000000e-01 4.20000000e-01 4.30000000e-01 4.40000000e-01 4.50000000e-01 4.60000000e-01 4.70000000e-01 4.80000000e-01 4.90000000e-01 5.00000000e-01 5.10000000e-01 5.20000000e-01 5.30000000e-01 5.40000000e-01 5.50000000e-01 5.60000000e-01 5.70000000e-01 5.80000000e-01 5.90000000e-01 6.00000000e-01 6.10000000e-01 6.20000000e-01 6.30000000e-01 6.40000000e-01 6.50000000e-01 6.60000000e-01 6.70000000e-01 6.80000000e-01 6.90000000e-01 7.00000000e-01 7.10000000e-01 7.20000000e-01 7.30000000e-01 7.40000000e-01 7.50000000e-01 7.60000000e-01 7.70000000e-01 7.80000000e-01 7.90000000e-01 8.00000000e-01 8.10000000e-01 8.20000000e-01 8.30000000e-01 8.40000000e-01 8.50000000e-01 8.60000000e-01 8.70000000e-01 8.80000000e-01 8.90000000e-01 9.00000000e-01 9.10000000e-01 9.20000000e-01 9.30000000e-01 9.40000000e-01 9.50000000e-01 9.60000000e-01 9.70000000e-01 9.80000000e-01 9.90000000e-01 1.00000000e+00 1.01000000e+00 1.02000000e+00 1.03000000e+00 1.04000000e+00 1.05000000e+00 1.06000000e+00 1.07000000e+00 1.08000000e+00 1.09000000e+00 1.10000000e+00 1.11000000e+00 1.12000000e+00 1.13000000e+00 1.14000000e+00 1.15000000e+00 1.16000000e+00 1.17000000e+00 1.18000000e+00 1.19000000e+00 1.20000000e+00];
I1 = [  2.09308223e-11 3.85794325e-11 5.30695196e-11 6.45232098e-11 7.30619911e-11 7.88081242e-11 8.18868242e-11 8.24296857e-11 8.05801551e-11 7.65025118e-11 7.03972823e-11 6.25298965e-11 5.32922822e-11 4.33727045e-11 3.44318116e-11 3.24517502e-11 4.83738626e-11 7.86176698e-11 1.19333543e-10 1.71428563e-10 2.37266356e-10 3.19751343e-10 4.21855103e-10 5.46185811e-10 6.94656538e-10 8.68361969e-10 1.06768454e-09 1.29254330e-09 1.54266295e-09 1.81777974e-09 2.11776028e-09 2.44264835e-09 2.79266655e-09 3.16819596e-09 3.56974864e-09 3.99794103e-09 4.45347130e-09 4.93710176e-09 5.44964570e-09 5.99195803e-09 6.56492884e-09 7.16947917e-09 7.80655834e-09 8.47714245e-09 9.18223357e-09 9.92285957e-09 1.07000742e-08 1.15149576e-08 1.23686164e-08 1.32621849e-08 1.41968251e-08 1.51737276e-08 1.61941123e-08 1.72592290e-08 1.83703580e-08 1.95288107e-08 2.07359306e-08 2.19930932e-08 2.33017074e-08 2.46632158e-08 2.60790953e-08 2.75508579e-08 2.90800512e-08 3.06682594e-08 3.23171037e-08 3.40282429e-08 3.58033746e-08 3.76442354e-08 3.95526023e-08 4.15302925e-08 4.35791654e-08 4.57011225e-08 4.78981083e-08 5.01721120e-08 5.25251670e-08 5.49593532e-08 5.74767969e-08 6.00796721e-08 6.27702015e-08 6.55506574e-08 6.84233626e-08 7.13906916e-08 7.44550715e-08 7.76189830e-08 8.08849617e-08 8.42555989e-08 8.77335431e-08 9.13215006e-08 9.50222372e-08 9.88385791e-08 1.02773414e-07 1.06829693e-07 1.11010431e-07 1.15318707e-07 1.19757670e-07 1.24330534e-07 1.29040584e-07 1.33891175e-07 1.38885734e-07 1.44027763e-07 1.49320837e-07 1.54768609e-07 1.60374811e-07 1.66143252e-07 1.72077824e-07 1.78182501e-07 1.84461341e-07 1.90918491e-07 1.97558181e-07 2.04384734e-07 2.11402563e-07 2.18616174e-07 2.26030167e-07 2.33649241e-07 2.41478191e-07 2.49521914e-07 2.57785409e-07 2.66273778e-07 2.74992232e-07 2.83946088e-07];
I2 = [  4.20730664e-11 7.75485552e-11 1.06675094e-10 1.29698168e-10 1.46861981e-10 1.58412289e-10 1.64600788e-10 1.65691995e-10 1.61974252e-10 1.53777777e-10 1.41505649e-10 1.25691409e-10 1.07122871e-10 8.71835177e-11 6.92114196e-11 6.52312955e-11 9.72363483e-11 1.58029453e-10 2.39872466e-10 3.44588712e-10 4.76929313e-10 6.42732451e-10 8.47971292e-10 1.09788853e-09 1.39632963e-09 1.74549501e-09 2.14615342e-09 2.59814210e-09 3.10090770e-09 3.65392005e-09 4.25691101e-09 4.90996858e-09 5.61354022e-09 6.36839191e-09 7.17555297e-09 8.03626245e-09 8.95192379e-09 9.92406927e-09 1.09543337e-08 1.20444355e-08 1.31961639e-08 1.44113701e-08 1.56919626e-08 1.70399032e-08 1.84572063e-08 1.99459379e-08 2.15082163e-08 2.31462124e-08 2.48621510e-08 2.66583118e-08 2.85370305e-08 3.05007007e-08 3.25517742e-08 3.46927633e-08 3.69262415e-08 3.92548449e-08 4.16812738e-08 4.42082933e-08 4.68387354e-08 4.95754997e-08 5.24215550e-08 5.53799405e-08 5.84537672e-08 6.16462192e-08 6.49605551e-08 6.84001097e-08 7.19682949e-08 7.56686018e-08 7.95046017e-08 8.34799480e-08 8.75983777e-08 9.18637130e-08 9.62798630e-08 1.00850825e-07 1.05580688e-07 1.10473632e-07 1.15533930e-07 1.20765953e-07 1.26174168e-07 1.31763143e-07 1.37537547e-07 1.43502153e-07 1.49661839e-07 1.56021592e-07 1.62586508e-07 1.69361796e-07 1.76352780e-07 1.83564899e-07 1.91003714e-07 1.98674903e-07 2.06584273e-07 2.14737755e-07 2.23141407e-07 2.31801423e-07 2.40724127e-07 2.49915981e-07 2.59383588e-07 2.69133692e-07 2.79173181e-07 2.89509094e-07 3.00148617e-07 3.11099092e-07 3.22368018e-07 3.33963054e-07 3.45892020e-07 3.58162905e-07 3.70783866e-07 3.83763234e-07 3.97109514e-07 4.10831393e-07 4.24937740e-07 4.39437610e-07 4.54340252e-07 4.69655104e-07 4.85391805e-07 5.01560196e-07 5.18170323e-07 5.35232440e-07 5.52757016e-07 5.70754739e-07];
I3 = [  6.32153092e-11 1.16517676e-10 1.60280666e-10 1.94873124e-10 2.20661970e-10 2.38016454e-10 2.47314751e-10 2.48954304e-10 2.43368349e-10 2.31053043e-10 2.12614017e-10 1.88852923e-10 1.60953462e-10 1.30994332e-10 1.03991028e-10 9.80108402e-11 1.46098830e-10 2.37441227e-10 3.60411372e-10 5.17748828e-10 7.16592214e-10 9.65713463e-10 1.27408733e-09 1.64959101e-09 2.09800236e-09 2.62262752e-09 3.22462155e-09 3.90373990e-09 4.65915114e-09 5.49005866e-09 6.39605959e-09 7.37728614e-09 8.43441059e-09 9.56858386e-09 1.07813525e-08 1.20745781e-08 1.34503695e-08 1.49110288e-08 1.64590124e-08 1.80969021e-08 1.98273863e-08 2.16532467e-08 2.35773502e-08 2.56026450e-08 2.77321574e-08 2.99689918e-08 3.23163307e-08 3.47774360e-08 3.73556504e-08 4.00543992e-08 4.28771919e-08 4.58276245e-08 4.89093813e-08 5.21262366e-08 5.54820573e-08 5.89808041e-08 6.26265339e-08 6.64234017e-08 7.03756623e-08 7.44876724e-08 7.87638924e-08 8.32088888e-08 8.78273359e-08 9.26240176e-08 9.76038302e-08 1.02771784e-07 1.08133005e-07 1.13692739e-07 1.19456351e-07 1.25429332e-07 1.31617295e-07 1.38025983e-07 1.44661270e-07 1.51529161e-07 1.58635800e-07 1.65987467e-07 1.73590584e-07 1.81451715e-07 1.89577575e-07 1.97975025e-07 2.06651080e-07 2.15612912e-07 2.24867850e-07 2.34423386e-07 2.44287178e-07 2.54467051e-07 2.64971004e-07 2.75807209e-07 2.86984020e-07 2.98509971e-07 3.10393784e-07 3.22644369e-07 3.35270831e-07 3.48282472e-07 3.61688796e-07 3.75499512e-07 3.89724539e-07 4.04374007e-07 4.19458268e-07 4.34987894e-07 4.50973683e-07 4.67426664e-07 4.84358103e-07 5.01779506e-07 5.19702621e-07 5.38139448e-07 5.57102243e-07 5.76603517e-07 5.96656050e-07 6.17272888e-07 6.38467355e-07 6.60253053e-07 6.82643870e-07 7.05653987e-07 7.29297880e-07 7.53590329e-07 7.78546421e-07 8.04181558e-07 8.30511464e-07 8.57552187e-07];
