x = [ 1.00000000e-02 2.00000000e-02 3.00000000e-02 4.00000000e-02 5.00000000e-02 6.00000000e-02 7.00000000e-02 8.00000000e-02 9.00000000e-02 1.00000000e-01 1.10000000e-01 1.20000000e-01 1.30000000e-01 1.40000000e-01 1.50000000e-01 1.60000000e-01 1.70000000e-01 1.80000000e-01 1.90000000e-01 2.00000000e-01 2.10000000e-01 2.20000000e-01 2.30000000e-01 2.40000000e-01 2.50000000e-01 2.60000000e-01 2.70000000e-01 2.80000000e-01 2.90000000e-01 3.00000000e-01 3.10000000e-01 3.20000000e-01 3.30000000e-01 3.40000000e-01 3.50000000e-01 3.60000000e-01 3.70000000e-01 3.80000000e-01 3.90000000e-01 4.00000000e-01 4.10000000e-01 4.20000000e-01 4.30000000e-01 4.40000000e-01 4.50000000e-01 4.60000000e-01 4.70000000e-01 4.80000000e-01 4.90000000e-01 5.00000000e-01 5.10000000e-01 5.20000000e-01 5.30000000e-01 5.40000000e-01 5.50000000e-01 5.60000000e-01 5.70000000e-01 5.80000000e-01 5.90000000e-01 6.00000000e-01 6.10000000e-01 6.20000000e-01 6.30000000e-01 6.40000000e-01 6.50000000e-01 6.60000000e-01 6.70000000e-01 6.80000000e-01 6.90000000e-01 7.00000000e-01 7.10000000e-01 7.20000000e-01 7.30000000e-01 7.40000000e-01 7.50000000e-01 7.60000000e-01 7.70000000e-01 7.80000000e-01 7.90000000e-01 8.00000000e-01 8.10000000e-01 8.20000000e-01 8.30000000e-01 8.40000000e-01 8.50000000e-01 8.60000000e-01 8.70000000e-01 8.80000000e-01 8.90000000e-01 9.00000000e-01 9.10000000e-01 9.20000000e-01 9.30000000e-01 9.40000000e-01 9.50000000e-01 9.60000000e-01 9.70000000e-01 9.80000000e-01 9.90000000e-01 1.00000000e+00 1.01000000e+00 1.02000000e+00 1.03000000e+00 1.04000000e+00 1.05000000e+00 1.06000000e+00 1.07000000e+00 1.08000000e+00 1.09000000e+00 1.10000000e+00 1.11000000e+00 1.12000000e+00 1.13000000e+00 1.14000000e+00 1.15000000e+00 1.16000000e+00 1.17000000e+00 1.18000000e+00 1.19000000e+00 1.20000000e+00];
I1 = [  2.74438675e-16 5.58797800e-16 8.53917631e-16 1.16042159e-15 1.47798440e-15 1.80866606e-15 2.15365920e-15 2.51274695e-15 2.89265140e-15 3.29033675e-15 3.71707873e-15 4.17157628e-15 4.66120198e-15 5.19766521e-15 5.79007328e-15 6.44232931e-15 7.17915311e-15 8.01659086e-15 8.97545926e-15 1.00830802e-14 1.13797860e-14 1.28994038e-14 1.46939752e-14 1.68346240e-14 1.93803307e-14 2.24247704e-14 2.60893737e-14 3.04903672e-14 3.58055599e-14 4.22205673e-14 4.99635056e-14 5.93206040e-14 7.06388073e-14 8.43205714e-14 1.00862894e-13 1.20852113e-13 1.45009872e-13 1.74181849e-13 2.09396736e-13 2.51874910e-13 3.03090886e-13 3.64815816e-13 4.39160860e-13 5.28636163e-13 6.36294836e-13 7.65734698e-13 9.21287352e-13 1.10814656e-12 1.33249314e-12 1.60169621e-12 1.92464274e-12 2.31184516e-12 2.77594094e-12 3.33198052e-12 3.99793046e-12 4.79525274e-12 5.74952759e-12 6.89128789e-12 8.25698884e-12 9.89001936e-12 1.18422147e-11 1.41752773e-11 1.69627576e-11 2.02923563e-11 2.42684813e-11 2.90155261e-11 3.46815823e-11 4.14429654e-11 4.95095475e-11 5.91310317e-11 7.06044685e-11 8.42831586e-11 1.00587115e-10 1.20015583e-10 1.43161748e-10 1.70730137e-10 2.03557258e-10 2.42635819e-10 2.89143411e-10 3.44476225e-10 4.10288657e-10 4.88539955e-10 5.81548632e-10 6.92056440e-10 8.23302770e-10 9.79111504e-10 1.16399161e-09 1.38325385e-09 1.64314513e-09 1.95100291e-09 2.31543176e-09 2.74650384e-09 3.25598577e-09 3.85759301e-09 4.56727314e-09 5.40351825e-09 6.38770594e-09 7.54446709e-09 8.90207660e-09 1.04928619e-08 1.23536217e-08 1.45260447e-08 1.70571169e-08 1.99995019e-08 2.34118806e-08 2.73592318e-08 3.19130403e-08 3.71514169e-08 4.31591223e-08 5.00274898e-08 5.78542485e-08 6.67432589e-08 7.68041764e-08 8.81520693e-08 1.00907019e-07 1.15193736e-07 1.31141227e-07 1.48882534e-07 1.68554582e-07 1.90298142e-07];
I2 = [  5.51614960e-16 1.12350450e-15 1.71672572e-15 2.33157677e-15 2.97049711e-15 3.63554672e-15 4.32726771e-15 5.05324949e-15 5.81327521e-15 6.61840374e-15 7.47102033e-15 8.38608696e-15 9.37184358e-15 1.04469385e-14 1.16343567e-14 1.29527465e-14 1.44307309e-14 1.61099432e-14 1.80411242e-14 2.02719785e-14 2.28714617e-14 2.59254423e-14 2.95432082e-14 3.38323120e-14 3.89514809e-14 4.50785242e-14 5.24424254e-14 6.12938519e-14 7.19745444e-14 8.48600704e-14 1.00430948e-13 1.19243157e-13 1.41988851e-13 1.69492025e-13 2.02747541e-13 2.42933278e-13 2.91482984e-13 3.50123576e-13 4.20905498e-13 5.06298128e-13 6.09253967e-13 7.33321390e-13 8.82753939e-13 1.06262048e-12 1.27901335e-12 1.53919238e-12 1.85187803e-12 2.22747341e-12 2.67841478e-12 3.21956697e-12 3.86870917e-12 4.64703796e-12 5.57992194e-12 6.69761469e-12 8.03623314e-12 9.63891467e-12 1.15570973e-11 1.38521573e-11 1.65973173e-11 1.98798842e-11 2.38039536e-11 2.84936068e-11 3.40967220e-11 4.07895072e-11 4.87818796e-11 5.83238475e-11 6.97131224e-11 8.33040963e-11 9.95186364e-11 1.18858633e-10 1.41921235e-10 1.69416552e-10 2.02188882e-10 2.41241733e-10 2.87767430e-10 3.43182156e-10 4.09167316e-10 4.87718348e-10 5.81202298e-10 6.92425586e-10 8.24713717e-10 9.82004804e-10 1.16895926e-09 1.39108818e-09 1.65490297e-09 1.96808977e-09 2.33971196e-09 2.78044442e-09 3.30284379e-09 3.92165881e-09 4.65418498e-09 5.52066793e-09 6.54475910e-09 7.75402723e-09 9.18052754e-09 1.08614299e-08 1.28397043e-08 1.51648594e-08 1.78937288e-08 2.10912917e-08 2.48315145e-08 2.91981925e-08 3.42857681e-08 4.02000964e-08 4.70591264e-08 5.49934662e-08 6.41467999e-08 7.46761301e-08 8.67518247e-08 1.00557461e-07 1.16289473e-07 1.34156615e-07 1.54379290e-07 1.77188776e-07 2.02826427e-07 2.31542901e-07 2.63597485e-07 2.99257574e-07 3.38798368e-07 3.82502787e-07];
I3 = [  8.28520195e-16 1.68794015e-15 2.57888329e-15 3.50262354e-15 4.46192562e-15 5.46025898e-15 6.50130991e-15 7.58984889e-15 8.73411586e-15 9.94170024e-15 1.12240946e-14 1.25992966e-14 1.40798831e-14 1.56966454e-14 1.74777727e-14 1.94553575e-14 2.16801403e-14 2.42063314e-14 2.71037533e-14 3.04548053e-14 3.43622700e-14 3.89532157e-14 4.43820328e-14 5.08291326e-14 5.85226312e-14 6.77279413e-14 7.87859361e-14 9.20912652e-14 1.08138325e-13 1.27498706e-13 1.50890585e-13 1.79159639e-13 2.13334558e-13 2.54664345e-13 3.04622647e-13 3.65003167e-13 4.37955228e-13 5.26058364e-13 6.32405586e-13 7.60710939e-13 9.15401435e-13 1.10181655e-12 1.32633834e-12 1.59658571e-12 1.92171626e-12 2.31263966e-12 2.78246003e-12 3.34680027e-12 4.02433642e-12 4.83741519e-12 5.81274612e-12 6.98220474e-12 8.38385958e-12 1.00631916e-11 1.20744803e-11 1.44825124e-11 1.73645855e-11 2.08129226e-11 2.49375364e-11 2.98695877e-11 3.57654965e-11 4.28117021e-11 5.12303810e-11 6.12862764e-11 7.32948008e-11 8.76315843e-11 1.04743927e-10 1.25164323e-10 1.49526572e-10 1.78584814e-10 2.13236205e-10 2.54547720e-10 3.03787868e-10 3.62464397e-10 4.32368792e-10 5.15628793e-10 6.14770675e-10 7.32792542e-10 8.73250829e-10 1.04036208e-09 1.23912275e-09 1.47544978e-09 1.75634526e-09 2.09008941e-09 2.48646536e-09 2.95702128e-09 3.51537450e-09 4.17756358e-09 4.96245429e-09 5.89220595e-09 6.99280416e-09 8.29466696e-09 9.83332938e-09 1.16502118e-08 1.37934755e-08 1.63189658e-08 1.92912421e-08 2.27846883e-08 2.68846926e-08 3.16888814e-08 3.73083835e-08 4.38690945e-08 5.15129062e-08 6.03988561e-08 7.07041514e-08 8.26250176e-08 9.63773248e-08 1.12196952e-07 1.30339855e-07 1.51081837e-07 1.74718010e-07 2.01561999e-07 2.31944920e-07 2.66214230e-07 3.04732518e-07 3.47876341e-07 3.96035218e-07 4.49610847e-07 5.09016631e-07 5.74677576e-07];
